"DESCRIPTION","DURATION IN MS","NAME","PARENT SUITE","START TIME","STATUS","STOP TIME","SUB SUITE","SUITE","TEST CLASS","TEST METHOD"
"","0","test_filter_events[date4-0]","src.apps.applets.tests.unit","Mon Jun 09 20:51:02 GMT 2025","passed","Mon Jun 09 20:51:02 GMT 2025","TestEventsPeriodicityWeekly","test_filter_schedule_events","",""
"","2","test_event_cross_day_with_reminder_notification__at_time_not_in_between_start_time_and_end_time[event_monthly_data-out_of_range_time4]","src.apps.schedule.tests.unit.domain","Mon Jun 09 20:51:46 GMT 2025","passed","Mon Jun 09 20:51:46 GMT 2025","","test_schedule_request_data","",""
"","0","test_filter_events[date3-0]","src.apps.applets.tests.unit","Mon Jun 09 20:51:02 GMT 2025","passed","Mon Jun 09 20:51:02 GMT 2025","TestEventsPeriodicityMontly","test_filter_schedule_events","",""
"","4","test_job_is_in_progress[in_progress]","src.apps.job.tests","Mon Jun 09 20:51:29 GMT 2025","passed","Mon Jun 09 20:51:29 GMT 2025","","test_jobs_services","",""
"","2","test_save","src.apps.integrations.loris.tests","Mon Jun 09 20:51:14 GMT 2025","passed","Mon Jun 09 20:51:14 GMT 2025","","test_crud_relationship","",""
"","82","test_answer_activity_items_create_for_respondent","src.apps.answers.tests","Mon Jun 09 20:49:51 GMT 2025","passed","Mon Jun 09 20:49:51 GMT 2025","TestAnswerCases","test_answer_for_cases","",""
"","6","test_seed_duplicate_subject_ids","src.apps.applets.tests","Mon Jun 09 20:50:59 GMT 2025","passed","Mon Jun 09 20:50:59 GMT 2025","TestAppletSeedV1","test_applet_seed","",""
"","31","test_schedule_get_all_by_respondent_user__store_device_properties","src.apps.schedule.tests","Mon Jun 09 20:51:37 GMT 2025","passed","Mon Jun 09 20:51:37 GMT 2025","TestSchedule","test_schedule","",""
"","91","test_duplicate_applet","src.apps.applets.tests","Mon Jun 09 20:50:37 GMT 2025","passed","Mon Jun 09 20:50:37 GMT 2025","TestApplet","test_applet","",""
"","0","test_new_activity_description_was_set","src.apps.activities.tests.unit","Mon Jun 09 20:49:46 GMT 2025","passed","Mon Jun 09 20:49:46 GMT 2025","","test_activity_change","",""
"","20","test_error_try_get_subject_by_not_inviter[pit-403]","src.apps.subjects.tests","Mon Jun 09 20:51:49 GMT 2025","passed","Mon Jun 09 20:51:49 GMT 2025","TestSubjects","tests","",""
"","26","test_error_try_get_subject_by_not_inviter[bob-200]","src.apps.subjects.tests","Mon Jun 09 20:51:49 GMT 2025","passed","Mon Jun 09 20:51:49 GMT 2025","TestSubjects","tests","",""
"Test creating a presigned URL for a legacy answer that the current user does not have access to.","27","test_presign_legacy_answer_url_no_access","src.apps.file","Mon Jun 09 20:51:11 GMT 2025","passed","Mon Jun 09 20:51:11 GMT 2025","TestAnswerActivityItems","test_file","",""
"","13","test_get_all_schedules_no_permissions","src.apps.schedule.tests","Mon Jun 09 20:51:40 GMT 2025","passed","Mon Jun 09 20:51:40 GMT 2025","TestSchedule","test_schedule","",""
"","2","test_get_by_id_version__not_found_no_version","src.apps.applets.tests.unit","Mon Jun 09 20:51:01 GMT 2025","passed","Mon Jun 09 20:51:01 GMT 2025","","test_applet_history_crud","",""
"","280","test_user_create","src.apps.users.tests","Mon Jun 09 20:52:02 GMT 2025","passed","Mon Jun 09 20:52:02 GMT 2025","TestUser","test_user","",""
"","3","test_update_applet_display_name","src.apps.applets.tests.unit","Mon Jun 09 20:51:01 GMT 2025","passed","Mon Jun 09 20:51:01 GMT 2025","","test_applet_crud","",""
"","14","test_token_revoke[refresh_token_internal-refresh]","src.apps.authentication.tests.unit","Mon Jun 09 20:51:09 GMT 2025","passed","Mon Jun 09 20:51:09 GMT 2025","TestTokenService","test_auth_service","",""
"","272","test_authenticate_user","src.apps.authentication.tests.unit","Mon Jun 09 20:51:08 GMT 2025","passed","Mon Jun 09 20:51:09 GMT 2025","TestAuthService","test_auth_service","",""
"","20","test_shell_create_account","src.apps.invitations","Mon Jun 09 20:51:27 GMT 2025","passed","Mon Jun 09 20:51:27 GMT 2025","TestInvite","test_invite","",""
"","1","test_filter_events__not_in_schedule_date_past","src.apps.applets.tests.unit","Mon Jun 09 20:51:02 GMT 2025","passed","Mon Jun 09 20:51:02 GMT 2025","TestEventsPeriodicityOnce","test_filter_schedule_events","",""
"","42","test_update_schedule__change_periodicity_from_scheduled_type_to_the_always","src.apps.schedule.tests","Mon Jun 09 20:51:43 GMT 2025","passed","Mon Jun 09 20:51:44 GMT 2025","TestSchedule","test_schedule","",""
"","18","test_admin_invite_respondent_fail_if_duplicate_email","src.apps.invitations","Mon Jun 09 20:51:25 GMT 2025","passed","Mon Jun 09 20:51:25 GMT 2025","TestInvite","test_invite","",""
"","12","test_assigned_activities_invalid_applet[respondent]","src.apps.activities.tests","Mon Jun 09 20:49:42 GMT 2025","passed","Mon Jun 09 20:49:42 GMT 2025","TestActivities","test_activities","",""
"","0","test_successful_negative_validation","src.apps.activities.tests.unit.domain","Mon Jun 09 20:49:46 GMT 2025","passed","Mon Jun 09 20:49:46 GMT 2025","TestValidateRawScoreSubscale","test_custom_validation_subscale","",""
"","14","test_get_users_priority_role_in_workspace","src.apps.workspaces.tests","Mon Jun 09 20:52:08 GMT 2025","passed","Mon Jun 09 20:52:08 GMT 2025","TestWorkspaces","test_workspaces","",""
"","48","test_create_answer_with_wrong_device_id","src.apps.answers.tests","Mon Jun 09 20:49:53 GMT 2025","passed","Mon Jun 09 20:49:53 GMT 2025","TestAnswerActivityItems","test_answers","",""
"","26","test_get_summary_activity_list_role_reviewer_and_coordinator","src.apps.answers.tests","Mon Jun 09 20:50:12 GMT 2025","passed","Mon Jun 09 20:50:12 GMT 2025","TestAnswerActivityItems","test_answers","",""
"","1","test_event_cross_day_with_fixed_notification__at_time_not_in_between_start_time_and_end_time[event_monthly_data-out_of_range_time4]","src.apps.schedule.tests.unit.domain","Mon Jun 09 20:51:46 GMT 2025","passed","Mon Jun 09 20:51:46 GMT 2025","","test_schedule_request_data","",""
"","14","test_schedule_create__can_not_create_event_for_flow_always_avaiable","src.apps.schedule.tests","Mon Jun 09 20:51:45 GMT 2025","passed","Mon Jun 09 20:51:45 GMT 2025","TestSchedule","test_schedule","",""
"","41","test_invite_existing_user[admin-manager-200-en]","src.apps.invitations","Mon Jun 09 20:51:18 GMT 2025","passed","Mon Jun 09 20:51:18 GMT 2025","TestInvite","test_invite","",""
"","2","test_get_versions_by_applet_id","src.apps.applets.tests.unit","Mon Jun 09 20:51:02 GMT 2025","passed","Mon Jun 09 20:51:02 GMT 2025","","test_applet_history_crud","",""
"","4","test_seed_duplicate_user_emails","src.apps.applets.tests","Mon Jun 09 20:50:58 GMT 2025","passed","Mon Jun 09 20:50:58 GMT 2025","TestAppletSeedV1","test_applet_seed","",""
"","1","test_time_logic","src.apps.activities.tests.unit.domain","Mon Jun 09 20:49:46 GMT 2025","passed","Mon Jun 09 20:49:46 GMT 2025","","test_activity_item_create","",""
"","0","test_items_sections_not_in_item_names","src.apps.activities.tests.unit.domain","Mon Jun 09 20:49:46 GMT 2025","passed","Mon Jun 09 20:49:46 GMT 2025","TestValidateScoreAndSections","test_custom_validation","",""
"","25","test_arbitrary_upload_to_blob_azure","src.apps.file","Mon Jun 09 20:51:09 GMT 2025","passed","Mon Jun 09 20:51:09 GMT 2025","TestAnswerActivityItems","test_file","",""
"","2","test_get_by_ids","src.apps.applets.tests.unit","Mon Jun 09 20:51:00 GMT 2025","passed","Mon Jun 09 20:51:00 GMT 2025","","test_applet_crud","",""
"","43","test_invite_existing_user[admin-reviewer-200-en]","src.apps.invitations","Mon Jun 09 20:51:19 GMT 2025","passed","Mon Jun 09 20:51:19 GMT 2025","TestInvite","test_invite","",""
"","1","test_history_mixin_split_version_id__wrong_id_version[f8859845-9dd6-4c9b-b5bf-3f58fe9076bd_0.0.0_1.0.0-Exception]","src.apps.applets.tests.unit","Mon Jun 09 20:51:02 GMT 2025","passed","Mon Jun 09 20:51:02 GMT 2025","","test_history_mixin","",""
"","1","test_create_activity_item_single_multi_select_alert_is_not_none_but_set_alerts_not_set[multi_select_item_create]","src.apps.activities.tests.unit.domain","Mon Jun 09 20:49:46 GMT 2025","passed","Mon Jun 09 20:49:46 GMT 2025","","test_activity_item_create","",""
"","125","test_get_library_by_id_with_flows","src.apps.library","Mon Jun 09 20:51:32 GMT 2025","passed","Mon Jun 09 20:51:32 GMT 2025","TestLibrary","tests","",""
"","77","test_creating_activity_items_without_option_value[single_select_row_item_create]","src.apps.applets.tests","Mon Jun 09 20:50:50 GMT 2025","passed","Mon Jun 09 20:50:50 GMT 2025","TestActivityItems","test_applet_activity_items","",""
"","89","test_successfully_delete_subject_with_answers","src.apps.subjects.tests","Mon Jun 09 20:51:47 GMT 2025","passed","Mon Jun 09 20:51:47 GMT 2025","TestSubjects","tests","",""
"","1","test_successful_validation","src.apps.activities.tests.unit.domain","Mon Jun 09 20:49:46 GMT 2025","passed","Mon Jun 09 20:49:46 GMT 2025","TestValidateItemFlow","test_custom_validation","",""
"","4","test_create_single_multi_select_row_item_no_datamatrix[single_select_row_item_create-set_alerts]","src.apps.activities.tests.unit.domain","Mon Jun 09 20:49:46 GMT 2025","passed","Mon Jun 09 20:49:46 GMT 2025","","test_activity_item_create","",""
"","5","test_get_user_by_id__user_deleted","src.apps.users.tests.unit","Mon Jun 09 20:52:03 GMT 2025","passed","Mon Jun 09 20:52:03 GMT 2025","","test_user_crud","",""
"","50","test_summary_get_identifiers_deleted_from_flow","src.apps.answers.tests","Mon Jun 09 20:50:20 GMT 2025","passed","Mon Jun 09 20:50:21 GMT 2025","TestAnswerActivityItems","test_answers","",""
"","4","test_user_exists_by_id__user_does_not_exist","src.apps.users.tests.unit","Mon Jun 09 20:52:04 GMT 2025","passed","Mon Jun 09 20:52:04 GMT 2025","","test_user_crud","",""
"","1","test_get_changes_is_initial_version[stream_ip_address-127.0.0.1-Stream IP Address was set to 127.0.0.1]","src.apps.applets.tests.unit","Mon Jun 09 20:51:00 GMT 2025","passed","Mon Jun 09 20:51:00 GMT 2025","","test_applet_changes","",""
"","21","test_get_review_assessment","src.apps.answers.tests","Mon Jun 09 20:50:29 GMT 2025","passed","Mon Jun 09 20:50:29 GMT 2025","TestAnswerActivityItems","test_answers_arbitrary","",""
"","90","test_create_applet_with_flow","src.apps.applets.tests","Mon Jun 09 20:50:42 GMT 2025","passed","Mon Jun 09 20:50:42 GMT 2025","TestApplet","test_applet","",""
"","42","test_create_event_with_reminder","src.apps.schedule.tests","Mon Jun 09 20:51:43 GMT 2025","passed","Mon Jun 09 20:51:43 GMT 2025","TestSchedule","test_schedule","",""
"","79","test_duplicate_applet__editor_duplicate_applet__stil_editor_in_new_applet","src.apps.applets.tests","Mon Jun 09 20:50:44 GMT 2025","passed","Mon Jun 09 20:50:44 GMT 2025","TestApplet","test_applet","",""
"","38","test_schedule_create_with_flow","src.apps.schedule.tests","Mon Jun 09 20:51:34 GMT 2025","passed","Mon Jun 09 20:51:34 GMT 2025","TestSchedule","test_schedule","",""
"","3","test_job_is_not_in_progress[error]","src.apps.job.tests","Mon Jun 09 20:51:29 GMT 2025","passed","Mon Jun 09 20:51:29 GMT 2025","","test_jobs_services","",""
"","120","test_activities_metadata_deleted_subject","src.apps.activities.tests","Mon Jun 09 20:49:45 GMT 2025","passed","Mon Jun 09 20:49:45 GMT 2025","TestActivities","test_activities","",""
"","30","test_validate_multiinformant_assessment_fail_source_subject_not_found","src.apps.answers.tests","Mon Jun 09 20:50:22 GMT 2025","passed","Mon Jun 09 20:50:23 GMT 2025","TestAnswerActivityItems","test_answers","",""
"","66","test_answer_activity_items_create_permanent_relation_success","src.apps.answers.tests","Mon Jun 09 20:49:58 GMT 2025","passed","Mon Jun 09 20:49:58 GMT 2025","TestAnswerActivityItems","test_answers","",""
"","0","test_initial_item_is_hidden_true","src.apps.activities.tests.unit","Mon Jun 09 20:49:47 GMT 2025","passed","Mon Jun 09 20:49:47 GMT 2025","","test_activity_item_change","",""
"","41","test_invite_existing_user[admin-coordinator-200-el]","src.apps.invitations","Mon Jun 09 20:51:19 GMT 2025","passed","Mon Jun 09 20:51:19 GMT 2025","TestInvite","test_invite","",""
"","1","test_filter_events[date8-0]","src.apps.applets.tests.unit","Mon Jun 09 20:51:02 GMT 2025","passed","Mon Jun 09 20:51:02 GMT 2025","TestEventsPeriodicityWeekdays","test_filter_schedule_events","",""
"","0","test_initial_single_select_rows_values","src.apps.activities.tests.unit","Mon Jun 09 20:49:46 GMT 2025","passed","Mon Jun 09 20:49:46 GMT 2025","","test_activity_item_change","",""
"","1","test_create_item_with_drawing_response_values","src.apps.activities.tests.unit.domain","Mon Jun 09 20:49:46 GMT 2025","passed","Mon Jun 09 20:49:46 GMT 2025","","test_activity_item_create","",""
"","1","test_get_tz_utc_offset[None-None]","src.infrastructure.tests.unit.http","Mon Jun 09 20:52:13 GMT 2025","passed","Mon Jun 09 20:52:13 GMT 2025","","test_deps","",""
"","23","test_create_applet_with_request_health_record_data_invalid","src.apps.applets.tests","Mon Jun 09 20:50:49 GMT 2025","passed","Mon Jun 09 20:50:49 GMT 2025","TestActivityItems","test_applet_activity_items","",""
"","42","test_flow_submission_incomplete","src.apps.answers.tests","Mon Jun 09 20:50:09 GMT 2025","passed","Mon Jun 09 20:50:09 GMT 2025","TestAnswerActivityItems","test_answers","",""
"","10","test_password_recovery_heathcheck_link_does_not_exists","src.apps.users.tests","Mon Jun 09 20:51:57 GMT 2025","passed","Mon Jun 09 20:51:57 GMT 2025","TestPassword","test_password","",""
"","12","test_delete_not_belonging_folder","src.apps.folders","Mon Jun 09 20:51:13 GMT 2025","passed","Mon Jun 09 20:51:13 GMT 2025","TestFolder","test_folder","",""
"","1","test_user_create_request_not_valid_email","src.apps.users.tests.unit","Mon Jun 09 20:52:04 GMT 2025","passed","Mon Jun 09 20:52:04 GMT 2025","","test_user_domain","",""
"","1","test_create_activity_item_slider_rows_with_alerts_value_is_none","src.apps.activities.tests.unit.domain","Mon Jun 09 20:49:46 GMT 2025","passed","Mon Jun 09 20:49:46 GMT 2025","","test_activity_item_create","",""
"","1","test_filter_events__cross_day__start_weekday_and_end_weekday_are_not_the_same[date2-1]","src.apps.applets.tests.unit","Mon Jun 09 20:51:02 GMT 2025","passed","Mon Jun 09 20:51:02 GMT 2025","TestEventsPeriodicityWeekly","test_filter_schedule_events","",""
"","23","test_workspace_roles_with_super_admin_retrieve","src.apps.workspaces.tests","Mon Jun 09 20:52:08 GMT 2025","passed","Mon Jun 09 20:52:08 GMT 2025","TestWorkspaces","test_workspaces","",""
"","1","test_filter_events__not_in_schedule_date_future","src.apps.applets.tests.unit","Mon Jun 09 20:51:02 GMT 2025","passed","Mon Jun 09 20:51:02 GMT 2025","TestEventsPeriodicityOnce","test_filter_schedule_events","",""
"","16","test_update_folder_name","src.apps.folders","Mon Jun 09 20:51:12 GMT 2025","passed","Mon Jun 09 20:51:12 GMT 2025","TestFolder","test_folder","",""
"","30","test_create_one_assignment[el]","src.apps.activity_assignments.tests","Mon Jun 09 20:49:47 GMT 2025","passed","Mon Jun 09 20:49:47 GMT 2025","TestActivityAssignments","test_assignments","",""
"Test creating a presigned URL for a legacy answer.","30","test_presign_legacy_answer_url","src.apps.file","Mon Jun 09 20:51:11 GMT 2025","passed","Mon Jun 09 20:51:11 GMT 2025","TestAnswerActivityItems","test_file","",""
"","14","test_invitation_retrieve","src.apps.invitations","Mon Jun 09 20:51:24 GMT 2025","passed","Mon Jun 09 20:51:24 GMT 2025","TestInvite","test_invite","",""
"","2","test_token_revoke__ttl_less_than_one","src.apps.authentication.tests.unit","Mon Jun 09 20:51:09 GMT 2025","passed","Mon Jun 09 20:51:09 GMT 2025","TestTokenService","test_auth_service","",""
"","1","test_score_sanitize_string","src.apps.activities.tests.unit.domain","Mon Jun 09 20:49:46 GMT 2025","passed","Mon Jun 09 20:49:46 GMT 2025","","test_scores_reports","",""
"","63","test_answer_activity_items_relation_equal_other_when_relation_is_permanent","src.apps.answers.tests","Mon Jun 09 20:49:57 GMT 2025","passed","Mon Jun 09 20:49:57 GMT 2025","TestAnswerActivityItems","test_answers","",""
"","1","test_event_request_with_random_notification__from_time_not_in_between_start_time_and_end_time[event_once_data-not_valid_from2]","src.apps.schedule.tests.unit.domain","Mon Jun 09 20:51:46 GMT 2025","passed","Mon Jun 09 20:51:46 GMT 2025","","test_schedule_request_data","",""
"","22","test_schedule_get_all_by_respondent_user__store_device_properties_no_device_id","src.apps.schedule.tests","Mon Jun 09 20:51:37 GMT 2025","passed","Mon Jun 09 20:51:37 GMT 2025","TestSchedule","test_schedule","",""
"","21","test_create_integration_access_denied","src.apps.integrations.tests","Mon Jun 09 20:51:18 GMT 2025","passed","Mon Jun 09 20:51:18 GMT 2025","TestIntegrationRouter","test_integrations","",""
"","1","test_slider_item__continuous_slider_with_alert","src.apps.activities.tests.unit.domain","Mon Jun 09 20:49:46 GMT 2025","passed","Mon Jun 09 20:49:46 GMT 2025","","test_activity_item_create","",""
"Test the _process_data_transfer function with HTTP error.","783","test_process_data_transfer_http_error","src.apps.integrations.oneup_health.tests","Mon Jun 09 20:51:17 GMT 2025","passed","Mon Jun 09 20:51:18 GMT 2025","TestTaskIngestUserData","test_task","",""
"","1","test_filter_events__cross_day[date4-0]","src.apps.applets.tests.unit","Mon Jun 09 20:51:02 GMT 2025","passed","Mon Jun 09 20:51:02 GMT 2025","TestEventsPeriodicityWeekdays","test_filter_schedule_events","",""
"","17","test_get_target_subjects_by_respondent_editor_user","src.apps.subjects.tests","Mon Jun 09 20:51:49 GMT 2025","passed","Mon Jun 09 20:51:49 GMT 2025","TestSubjects","tests","",""
"","1","test_new_activity_version_is_hidden","src.apps.activities.tests.unit","Mon Jun 09 20:49:46 GMT 2025","passed","Mon Jun 09 20:49:46 GMT 2025","","test_activity_change","",""
"","1","test_filter_events[date1-1]","src.apps.applets.tests.unit","Mon Jun 09 20:51:02 GMT 2025","passed","Mon Jun 09 20:51:02 GMT 2025","TestEventsPeriodicityMontly","test_filter_schedule_events","",""
"","13","test_creating_applet_failed_by_duplicate_activity_name","src.apps.applets.tests","Mon Jun 09 20:50:35 GMT 2025","passed","Mon Jun 09 20:50:35 GMT 2025","TestApplet","test_applet","",""
"","31","test_get_subject_temp_related_participant","src.apps.subjects.tests","Mon Jun 09 20:51:48 GMT 2025","passed","Mon Jun 09 20:51:48 GMT 2025","TestSubjects","tests","",""
"","0","test_initial_single_selection_additional_option_enabled[text_input_required-Input Required was enabled]","src.apps.activities.tests.unit","Mon Jun 09 20:49:46 GMT 2025","passed","Mon Jun 09 20:49:46 GMT 2025","","test_activity_item_change","",""
"","8","test_public_activity_detail","src.apps.activities.tests","Mon Jun 09 20:49:40 GMT 2025","passed","Mon Jun 09 20:49:40 GMT 2025","TestActivities","test_activities","",""
"","98","test_update_applet__add_stream_settings","src.apps.applets.tests","Mon Jun 09 20:50:37 GMT 2025","passed","Mon Jun 09 20:50:37 GMT 2025","TestApplet","test_applet","",""
"","3","test_get_applets_by_display_name__applet_deleted","src.apps.applets.tests.unit","Mon Jun 09 20:51:00 GMT 2025","passed","Mon Jun 09 20:51:00 GMT 2025","","test_applet_crud","",""
"","6","test_add_user_device","src.apps.users.tests.unit","Mon Jun 09 20:52:04 GMT 2025","passed","Mon Jun 09 20:52:04 GMT 2025","","test_user_devices_service","",""
"","39","test_public_answer_activity_items_create_for_respondent","src.apps.answers.tests","Mon Jun 09 20:49:55 GMT 2025","passed","Mon Jun 09 20:49:55 GMT 2025","TestAnswerActivityItems","test_answers","",""
"","3","test_create_single_multi_select_row_item_add_alerts[multi_select_row_item_create]","src.apps.activities.tests.unit.domain","Mon Jun 09 20:49:46 GMT 2025","passed","Mon Jun 09 20:49:46 GMT 2025","","test_activity_item_create","",""
"","1","test_initial_activity_complex_fields_are_set[subscale_setting-exp_changes1]","src.apps.activities.tests.unit","Mon Jun 09 20:49:46 GMT 2025","passed","Mon Jun 09 20:49:46 GMT 2025","","test_activity_change","",""
"","6","test_seed_applet_without_owner","src.apps.applets.tests","Mon Jun 09 20:50:59 GMT 2025","passed","Mon Jun 09 20:50:59 GMT 2025","TestAppletSeedV1","test_applet_seed","",""
"","20","test_generate_upload_url__webm_to_mp3_mp4[test.webm-None-test.webm.mp3]","src.apps.file","Mon Jun 09 20:51:10 GMT 2025","passed","Mon Jun 09 20:51:10 GMT 2025","TestAnswerActivityItems","test_file","",""
"","1","test_get_changes_is_initial_version[about-value1-About Applet Page was set to NEW]","src.apps.applets.tests.unit","Mon Jun 09 20:51:00 GMT 2025","passed","Mon Jun 09 20:51:00 GMT 2025","","test_applet_changes","",""
"","28","test_applet_get_respondent_access_denied_for_respondent_role","src.apps.workspaces.tests","Mon Jun 09 20:52:11 GMT 2025","passed","Mon Jun 09 20:52:12 GMT 2025","TestWorkspaces","test_workspaces","",""
"","16","test_unpin_applet","src.apps.folders","Mon Jun 09 20:51:13 GMT 2025","passed","Mon Jun 09 20:51:13 GMT 2025","TestFolder","test_folder","",""
"","536","test_verify_password__mute_error","src.apps.authentication.tests.unit","Mon Jun 09 20:51:07 GMT 2025","passed","Mon Jun 09 20:51:07 GMT 2025","TestAuthService","test_auth_service","",""
"","1","test_item_model","src.apps.integrations.loris.tests","Mon Jun 09 20:51:14 GMT 2025","passed","Mon Jun 09 20:51:14 GMT 2025","","test_domain","",""
"","27","test_summary_activity_flow_order_with_deleted_flows","src.apps.answers.tests","Mon Jun 09 20:50:16 GMT 2025","passed","Mon Jun 09 20:50:16 GMT 2025","TestAnswerActivityItems","test_answers","",""
"","1","test_get_changes_applet_updated[report_public_key-public key-Public encryption key was set to public key]","src.apps.applets.tests.unit","Mon Jun 09 20:51:00 GMT 2025","passed","Mon Jun 09 20:51:00 GMT 2025","","test_applet_changes","",""
"","30","test_arbitrary_upload_to_s3_aws","src.apps.file","Mon Jun 09 20:51:09 GMT 2025","passed","Mon Jun 09 20:51:09 GMT 2025","TestAnswerActivityItems","test_file","",""
"","754","test_get_token_error_timeout","src.apps.integrations.oneup_health.tests","Mon Jun 09 20:51:15 GMT 2025","passed","Mon Jun 09 20:51:16 GMT 2025","TestOneupHealth","test_oneup_health","",""
"","273","test_openapi_auth","src.apps.authentication.tests.unit","Mon Jun 09 20:51:06 GMT 2025","passed","Mon Jun 09 20:51:06 GMT 2025","","test_auth_deps","",""
"","7","test_single_time_payload_incorrect_time_range","src.apps.activities.tests.unit.domain","Mon Jun 09 20:49:46 GMT 2025","passed","Mon Jun 09 20:49:46 GMT 2025","TestValidateItemFlow","test_custom_validation","",""
"","126","test_get_workspace_applet_respondents","src.apps.workspaces.tests","Mon Jun 09 20:52:09 GMT 2025","passed","Mon Jun 09 20:52:09 GMT 2025","TestWorkspaces","test_workspaces","",""
"","43","test_activities_applet","src.apps.activities.tests","Mon Jun 09 20:49:39 GMT 2025","passed","Mon Jun 09 20:49:39 GMT 2025","TestActivities","test_activities","",""
"","0","test_create_activity_item_slider_alerts_not_valid_alert_min_max_values[None-1]","src.apps.activities.tests.unit.domain","Mon Jun 09 20:49:46 GMT 2025","passed","Mon Jun 09 20:49:46 GMT 2025","","test_activity_item_create","",""
"","43","test_invite_new_user[respondent-en]","src.apps.invitations","Mon Jun 09 20:51:24 GMT 2025","passed","Mon Jun 09 20:51:24 GMT 2025","TestInvite","test_invite","",""
"","2","test_timer_is_required_if_timer_type_is_not_no_set","src.apps.schedule.tests.unit.domain","Mon Jun 09 20:51:46 GMT 2025","passed","Mon Jun 09 20:51:46 GMT 2025","","test_schedule_request_data","",""
"","148","test_activities_applet_has_score","src.apps.activities.tests","Mon Jun 09 20:49:40 GMT 2025","passed","Mon Jun 09 20:49:40 GMT 2025","TestActivities","test_activities","",""
"","58","test_validate_multiinformant_assessment_success_temporary_relation_not_expired","src.apps.answers.tests","Mon Jun 09 20:50:23 GMT 2025","passed","Mon Jun 09 20:50:23 GMT 2025","TestAnswerActivityItems","test_answers","",""
"","17","test_general_file_download","src.apps.file","Mon Jun 09 20:51:11 GMT 2025","passed","Mon Jun 09 20:51:11 GMT 2025","TestAnswerActivityItems","test_file","",""
"","29","test_default_storage_check_existence","src.apps.file","Mon Jun 09 20:51:09 GMT 2025","passed","Mon Jun 09 20:51:09 GMT 2025","TestAnswerActivityItems","test_file","",""
"","1","test_event_request_periodicity_not_always_no_required_fields[event_once_data-end_time]","src.apps.schedule.tests.unit.domain","Mon Jun 09 20:51:45 GMT 2025","passed","Mon Jun 09 20:51:45 GMT 2025","","test_schedule_request_data","",""
"","90","test_successfully_delete_subject_without_answers","src.apps.subjects.tests","Mon Jun 09 20:51:47 GMT 2025","passed","Mon Jun 09 20:51:47 GMT 2025","TestSubjects","tests","",""
"","1","test_change_password_passwords_contain_whitespace[prev_password-pass word]","src.apps.users.tests.unit","Mon Jun 09 20:52:05 GMT 2025","passed","Mon Jun 09 20:52:05 GMT 2025","","test_user_domain","",""
"","1","test_get_changes_is_initial_version[report_recipients-value6-Email recipients was set to test@example.com]","src.apps.applets.tests.unit","Mon Jun 09 20:51:00 GMT 2025","passed","Mon Jun 09 20:51:00 GMT 2025","","test_applet_changes","",""
"","1064","test_create_schedule_events__firebase_error_muted","src.apps.schedule.tests","Mon Jun 09 20:51:39 GMT 2025","passed","Mon Jun 09 20:51:40 GMT 2025","TestSchedule","test_schedule","",""
"","75","test_list_submit_dates_with_activity_id","src.apps.answers.tests","Mon Jun 09 20:50:27 GMT 2025","passed","Mon Jun 09 20:50:27 GMT 2025","TestAnswerActivityItems","test_answers_arbitrary","",""
"","37","test_applet_activity_answers_empty_identifiers_filter[query0-3]","src.apps.answers.tests","Mon Jun 09 20:50:20 GMT 2025","passed","Mon Jun 09 20:50:20 GMT 2025","TestAnswerActivityItems","test_answers","",""
"","19","test_respondent_access","src.apps.workspaces.tests","Mon Jun 09 20:52:12 GMT 2025","passed","Mon Jun 09 20:52:12 GMT 2025","TestWorkspaces","test_workspaces","",""
"","21","test_user_workspace_retrieve_with_managers","src.apps.workspaces.tests","Mon Jun 09 20:52:08 GMT 2025","passed","Mon Jun 09 20:52:08 GMT 2025","TestWorkspaces","test_workspaces","",""
"","31","test_applet_retrieve_meta","src.apps.applets.tests","Mon Jun 09 20:50:45 GMT 2025","passed","Mon Jun 09 20:50:45 GMT 2025","TestApplet","test_applet","",""
"","12","test_answer_activity_items_create_for_not_respondent","src.apps.answers.tests","Mon Jun 09 20:50:31 GMT 2025","passed","Mon Jun 09 20:50:31 GMT 2025","TestAnswerActivityItems","test_answers_arbitrary","",""
"","1","test_event_request_with_random_notification__to_time_not_in_between_start_time_and_end_time[event_daily_data-not_valid_to0]","src.apps.schedule.tests.unit.domain","Mon Jun 09 20:51:46 GMT 2025","passed","Mon Jun 09 20:51:46 GMT 2025","","test_schedule_request_data","",""
"","89","test_create_applet__item_slider_with_color","src.apps.applets.tests","Mon Jun 09 20:50:52 GMT 2025","passed","Mon Jun 09 20:50:52 GMT 2025","TestActivityItems","test_applet_activity_items","",""
"","23","test_applet_assessment_retrieve","src.apps.answers.tests","Mon Jun 09 20:49:59 GMT 2025","passed","Mon Jun 09 20:49:59 GMT 2025","TestAnswerActivityItems","test_answers","",""
"","36","test_library_share_with_empty_kw[None-exp_kw2-201-False]","src.apps.library","Mon Jun 09 20:51:32 GMT 2025","passed","Mon Jun 09 20:51:32 GMT 2025","TestLibrary","tests","",""
"","41","test_update_applet_delete_activity_with_assignments","src.apps.applets.tests","Mon Jun 09 20:50:43 GMT 2025","passed","Mon Jun 09 20:50:43 GMT 2025","TestApplet","test_applet","",""
"","49","test_invite_existing_user[admin-manager-200-el]","src.apps.invitations","Mon Jun 09 20:51:18 GMT 2025","passed","Mon Jun 09 20:51:19 GMT 2025","TestInvite","test_invite","",""
"","42","test_get_flow_submissions","src.apps.answers.tests","Mon Jun 09 20:50:10 GMT 2025","passed","Mon Jun 09 20:50:10 GMT 2025","TestAnswerActivityItems","test_answers","",""
"","25","test_applet_assessment_create_for_submission","src.apps.answers.tests","Mon Jun 09 20:50:16 GMT 2025","passed","Mon Jun 09 20:50:16 GMT 2025","TestAnswerActivityItems","test_answers","",""
"","4","test_job_is_in_progress[pending]","src.apps.job.tests","Mon Jun 09 20:51:29 GMT 2025","passed","Mon Jun 09 20:51:29 GMT 2025","","test_jobs_services","",""
"","1","test_filter_events__cross_day[date0-0]","src.apps.applets.tests.unit","Mon Jun 09 20:51:02 GMT 2025","passed","Mon Jun 09 20:51:02 GMT 2025","TestEventsPeriodicityMontly","test_filter_schedule_events","",""
"","12","test_password_recovery_invalid","src.apps.users.tests","Mon Jun 09 20:51:54 GMT 2025","passed","Mon Jun 09 20:51:54 GMT 2025","TestPassword","test_password","",""
"","84","test_library_get_url_applet_version_does_not_exists","src.apps.library","Mon Jun 09 20:51:32 GMT 2025","passed","Mon Jun 09 20:51:32 GMT 2025","TestLibrary","tests","",""
"","78","test_create_applet__activity_with_score_and_reports__score_and_section","src.apps.applets.tests","Mon Jun 09 20:50:52 GMT 2025","passed","Mon Jun 09 20:50:52 GMT 2025","TestActivityItems","test_applet_activity_items","",""
"","41","test_invite_existing_user[admin-coordinator-200-fr]","src.apps.invitations","Mon Jun 09 20:51:19 GMT 2025","passed","Mon Jun 09 20:51:19 GMT 2025","TestInvite","test_invite","",""
"","1","test_event_request_with_fixed_notification__at_time_not_in_between_start_time_and_end_time[event_weekly_data-out_of_range_time4]","src.apps.schedule.tests.unit.domain","Mon Jun 09 20:51:46 GMT 2025","passed","Mon Jun 09 20:51:46 GMT 2025","","test_schedule_request_data","",""
"","18","test_get_applet_latest_submissions_permissions","src.apps.answers.tests","Mon Jun 09 20:50:24 GMT 2025","passed","Mon Jun 09 20:50:24 GMT 2025","TestAnswerActivityItems","test_answers","",""
"","6","test_create_applet_version","src.apps.applets.tests.unit","Mon Jun 09 20:51:01 GMT 2025","passed","Mon Jun 09 20:51:01 GMT 2025","","test_applet_history_crud","",""
"","16","test_assigned_activities_participant[respondent]","src.apps.activities.tests","Mon Jun 09 20:49:42 GMT 2025","passed","Mon Jun 09 20:49:42 GMT 2025","TestActivities","test_activities","",""
"","1","test_get_changes_is_initial_version[watermark-watermark-Applet Watermark was set to watermark]","src.apps.applets.tests.unit","Mon Jun 09 20:51:00 GMT 2025","passed","Mon Jun 09 20:51:00 GMT 2025","","test_applet_changes","",""
"","68","test_list_submit_dates_with_flow_id","src.apps.answers.tests","Mon Jun 09 20:49:56 GMT 2025","passed","Mon Jun 09 20:49:56 GMT 2025","TestAnswerActivityItems","test_answers","",""
"","123","test_different_users_can_create_applets_with_same_name","src.apps.applets.tests","Mon Jun 09 20:50:36 GMT 2025","passed","Mon Jun 09 20:50:36 GMT 2025","TestApplet","test_applet","",""
"","24","test_schedules_get_user_all","src.apps.schedule.tests","Mon Jun 09 20:51:36 GMT 2025","passed","Mon Jun 09 20:51:36 GMT 2025","TestSchedule","test_schedule","",""
"","32","test_schedule_get_all_by_respondent_user__store_device_properties_new_event_version","src.apps.schedule.tests","Mon Jun 09 20:51:37 GMT 2025","passed","Mon Jun 09 20:51:37 GMT 2025","TestSchedule","test_schedule","",""
"","6","test_get_token_credentials_are_not_valid[email-notfound@example.com]","src.apps.authentication.tests","Mon Jun 09 20:51:03 GMT 2025","passed","Mon Jun 09 20:51:03 GMT 2025","TestAuthentication","test_auth","",""
"","24","test_initiate_transfer","src.apps.transfer_ownership","Mon Jun 09 20:51:52 GMT 2025","passed","Mon Jun 09 20:51:52 GMT 2025","TestTransfer","tests","",""
"","2","test_event_request_with_random_notification__from_time_not_in_between_start_time_and_end_time[event_weekly_data-not_valid_from4]","src.apps.schedule.tests.unit.domain","Mon Jun 09 20:51:46 GMT 2025","passed","Mon Jun 09 20:51:46 GMT 2025","","test_schedule_request_data","",""
"","22","test_recreate_item_choice","src.apps.activities.tests","Mon Jun 09 20:49:46 GMT 2025","passed","Mon Jun 09 20:49:46 GMT 2025","TestReusableItem","test_reusable_items","",""
"","95","test_move_pins_from_subject_to_user","src.apps.invitations","Mon Jun 09 20:51:28 GMT 2025","passed","Mon Jun 09 20:51:28 GMT 2025","TestInvite","test_invite","",""
"","100","test_create_applet_with_each_activity_item[audio_item_create]","src.apps.applets.tests","Mon Jun 09 20:50:47 GMT 2025","passed","Mon Jun 09 20:50:47 GMT 2025","TestActivityItems","test_applet_activity_items","",""
"","16","test_assigned_activities_incorrect_reviewer[target]","src.apps.activities.tests","Mon Jun 09 20:49:42 GMT 2025","passed","Mon Jun 09 20:49:42 GMT 2025","TestActivities","test_activities","",""
"","4","test_user_exists_by_id__user_does_not_exist","src.apps.users.tests.unit","Mon Jun 09 20:52:05 GMT 2025","passed","Mon Jun 09 20:52:05 GMT 2025","","test_user_service","",""
"","24","test_private_invitation_accept_create_subject","src.apps.invitations","Mon Jun 09 20:51:28 GMT 2025","passed","Mon Jun 09 20:51:28 GMT 2025","TestInvite","test_invite","",""
"","86","test_create_activity_answer_flow_answer__submit_duplicate","src.apps.answers.tests","Mon Jun 09 20:49:53 GMT 2025","passed","Mon Jun 09 20:49:53 GMT 2025","TestAnswerActivityItems","test_answers","",""
"","2","test_event_request_with_fixed_notification__at_time_not_in_between_start_time_and_end_time[event_weekdays_data-out_of_range_time6]","src.apps.schedule.tests.unit.domain","Mon Jun 09 20:51:46 GMT 2025","passed","Mon Jun 09 20:51:46 GMT 2025","","test_schedule_request_data","",""
"","223","test_assigned_activities_manually_assigned[target-result_order0]","src.apps.activities.tests","Mon Jun 09 20:49:43 GMT 2025","passed","Mon Jun 09 20:49:44 GMT 2025","TestActivities","test_activities","",""
"","0","test_create_item__not_valid_response_type[NotValid]","src.apps.activities.tests.unit.domain","Mon Jun 09 20:49:46 GMT 2025","passed","Mon Jun 09 20:49:46 GMT 2025","","test_activity_item_create","",""
"","2","test_multi_select_row_logic","src.apps.activities.tests.unit.domain","Mon Jun 09 20:49:46 GMT 2025","passed","Mon Jun 09 20:49:46 GMT 2025","","test_activity_item_create","",""
"","2","test_event_request_with_fixed_notification__at_time_not_in_between_start_time_and_end_time[event_daily_data-out_of_range_time0]","src.apps.schedule.tests.unit.domain","Mon Jun 09 20:51:46 GMT 2025","passed","Mon Jun 09 20:51:46 GMT 2025","","test_schedule_request_data","",""
"","1","test_new_activity_scores_and_reports_is_none","src.apps.activities.tests.unit","Mon Jun 09 20:49:46 GMT 2025","passed","Mon Jun 09 20:49:46 GMT 2025","","test_activity_change","",""
"","0","test_subscale_item_score_error","src.apps.activities.tests.unit.domain","Mon Jun 09 20:49:46 GMT 2025","passed","Mon Jun 09 20:49:46 GMT 2025","TestValidateSubscales","test_custom_validation","",""
"","26","test_applet_ehr_data_endpoint_without_ehr","src.apps.answers.tests","Mon Jun 09 20:50:25 GMT 2025","passed","Mon Jun 09 20:50:25 GMT 2025","TestAnswerActivityItems","test_answers","",""
"","17","test_general_file_download_client_error__unknown_error","src.apps.file","Mon Jun 09 20:51:11 GMT 2025","passed","Mon Jun 09 20:51:11 GMT 2025","TestAnswerActivityItems","test_file","",""
"","26","test_alert_secret_id_from_subject","src.apps.alerts","Mon Jun 09 20:49:51 GMT 2025","passed","Mon Jun 09 20:49:51 GMT 2025","TestAlert","test_alerts","",""
"","2013","test_password_recovery_approve_expired","src.apps.users.tests","Mon Jun 09 20:51:55 GMT 2025","passed","Mon Jun 09 20:51:57 GMT 2025","TestPassword","test_password","",""
"","2","test_single_select_logic","src.apps.activities.tests.unit.domain","Mon Jun 09 20:49:46 GMT 2025","passed","Mon Jun 09 20:49:46 GMT 2025","","test_activity_item_create","",""
"","35","test_applet_activity_answers_empty_identifiers_filter[query1-2]","src.apps.answers.tests","Mon Jun 09 20:50:20 GMT 2025","passed","Mon Jun 09 20:50:20 GMT 2025","TestAnswerActivityItems","test_answers","",""
"","14","test_list_folders_by_manager","src.apps.folders","Mon Jun 09 20:51:13 GMT 2025","passed","Mon Jun 09 20:51:13 GMT 2025","TestFolder","test_folder","",""
"","11","test_applet_set_data_retention_for_indefinite_fail","src.apps.applets.tests","Mon Jun 09 20:50:59 GMT 2025","passed","Mon Jun 09 20:50:59 GMT 2025","TestSettings","test_applet_settings","",""
"","2","test_event_request_with_reminder_notification__at_time_not_in_between_start_time_and_end_time[event_weekly_data-out_of_range_time5]","src.apps.schedule.tests.unit.domain","Mon Jun 09 20:51:46 GMT 2025","passed","Mon Jun 09 20:51:46 GMT 2025","","test_schedule_request_data","",""
"","11","test_subject_assigned_activities_participant","src.apps.activities.tests","Mon Jun 09 20:49:40 GMT 2025","passed","Mon Jun 09 20:49:40 GMT 2025","TestActivities","test_activities","",""
"","11","test_get_users_priority_role_in_workspace_super_admin","src.apps.workspaces.tests","Mon Jun 09 20:52:08 GMT 2025","passed","Mon Jun 09 20:52:08 GMT 2025","TestWorkspaces","test_workspaces","",""
"","2","test_arbitrary_workspace_aws_required_fields[storage_bucket]","src.apps.workspaces.tests.unit.domain","Mon Jun 09 20:52:13 GMT 2025","passed","Mon Jun 09 20:52:13 GMT 2025","","test_workspace_arbitrary","",""
"","2","test_event_request_with_fixed_notification__at_time_not_in_between_start_time_and_end_time[event_weekly_data-out_of_range_time5]","src.apps.schedule.tests.unit.domain","Mon Jun 09 20:51:46 GMT 2025","passed","Mon Jun 09 20:51:46 GMT 2025","","test_schedule_request_data","",""
"","31","test_get_summary_activities_after_upgrading_version","src.apps.answers.tests","Mon Jun 09 20:50:08 GMT 2025","passed","Mon Jun 09 20:50:08 GMT 2025","TestAnswerActivityItems","test_answers","",""
"","1","test_create_slider_item__add_scores__scores_not_for_all_values","src.apps.activities.tests.unit.domain","Mon Jun 09 20:49:46 GMT 2025","passed","Mon Jun 09 20:49:46 GMT 2025","","test_activity_item_create","",""
"","78","test_create_flow_duplicate_activities_answer__submit","src.apps.answers.tests","Mon Jun 09 20:49:54 GMT 2025","passed","Mon Jun 09 20:49:54 GMT 2025","TestAnswerActivityItems","test_answers","",""
"","17","test_check_log_exists__no_logs","src.apps.file","Mon Jun 09 20:51:12 GMT 2025","passed","Mon Jun 09 20:51:12 GMT 2025","TestAnswerActivityItems","test_file","",""
"","44","test_get_workspace_applet_managers_with_pending_invitation","src.apps.workspaces.tests","Mon Jun 09 20:52:10 GMT 2025","passed","Mon Jun 09 20:52:10 GMT 2025","TestWorkspaces","test_workspaces","",""
"","44","test_get_subject_full","src.apps.subjects.tests","Mon Jun 09 20:51:48 GMT 2025","passed","Mon Jun 09 20:51:48 GMT 2025","TestSubjects","tests","",""
"","13","test_get_or_create_owned__create_job_with_status_in_progress","src.apps.job.tests","Mon Jun 09 20:51:30 GMT 2025","passed","Mon Jun 09 20:51:30 GMT 2025","","test_jobs_services","",""
"","378","test_seed_already_existing_subject","src.apps.applets.tests","Mon Jun 09 20:50:59 GMT 2025","passed","Mon Jun 09 20:50:59 GMT 2025","TestAppletSeedV1","test_applet_seed","",""
"","44","test_library_get_url","src.apps.library","Mon Jun 09 20:51:30 GMT 2025","passed","Mon Jun 09 20:51:30 GMT 2025","TestLibrary","tests","",""
"","14","test_schedule_get_detail","src.apps.schedule.tests","Mon Jun 09 20:51:35 GMT 2025","passed","Mon Jun 09 20:51:35 GMT 2025","TestSchedule","test_schedule","",""
"","43","test_invite_new_user[manager-en]","src.apps.invitations","Mon Jun 09 20:51:23 GMT 2025","passed","Mon Jun 09 20:51:23 GMT 2025","TestInvite","test_invite","",""
"","79","test_list_submit_dates_with_activity_id_from_flow","src.apps.answers.tests","Mon Jun 09 20:50:27 GMT 2025","passed","Mon Jun 09 20:50:27 GMT 2025","TestAnswerActivityItems","test_answers_arbitrary","",""
"","165","test_assigned_hidden_activities[respondent]","src.apps.activities.tests","Mon Jun 09 20:49:45 GMT 2025","passed","Mon Jun 09 20:49:45 GMT 2025","TestActivities","test_activities","",""
"","17","test_schedule_get_all_for_respondent[user-0]","src.apps.schedule.tests","Mon Jun 09 20:51:34 GMT 2025","passed","Mon Jun 09 20:51:34 GMT 2025","TestSchedule","test_schedule","",""
"","74","test_create_flow_answer__with_device_id_and_event_history_id","src.apps.answers.tests","Mon Jun 09 20:49:52 GMT 2025","passed","Mon Jun 09 20:49:52 GMT 2025","TestAnswerActivityItems","test_answers","",""
"","19","test_invite_existing_user[editor-respondent-403-fr]","src.apps.invitations","Mon Jun 09 20:51:23 GMT 2025","passed","Mon Jun 09 20:51:23 GMT 2025","TestInvite","test_invite","",""
"","36","test_get_flow_submissions_filters_no_data[query_params0]","src.apps.answers.tests","Mon Jun 09 20:50:10 GMT 2025","passed","Mon Jun 09 20:50:10 GMT 2025","TestAnswerActivityItems","test_answers","",""
"","1","test_event_request_with_fixed_notification__at_time_not_in_between_start_time_and_end_time[event_once_data-out_of_range_time2]","src.apps.schedule.tests.unit.domain","Mon Jun 09 20:51:46 GMT 2025","passed","Mon Jun 09 20:51:46 GMT 2025","","test_schedule_request_data","",""
"","1","test_drawing_response_values_image_name_does_not_start_with_http[drawing_background-notfile]","src.apps.activities.tests.unit.domain","Mon Jun 09 20:49:46 GMT 2025","passed","Mon Jun 09 20:49:46 GMT 2025","","test_activity_item_create","",""
"","34","test_edit_note","src.apps.answers.tests","Mon Jun 09 20:50:30 GMT 2025","passed","Mon Jun 09 20:50:30 GMT 2025","TestAnswerActivityItems","test_answers_arbitrary","",""
"","4","test_update_user","src.apps.users.tests.unit","Mon Jun 09 20:52:03 GMT 2025","passed","Mon Jun 09 20:52:03 GMT 2025","","test_user_crud","",""
"","0","test_history_mixin_generate_id_version","src.apps.applets.tests.unit","Mon Jun 09 20:51:02 GMT 2025","passed","Mon Jun 09 20:51:02 GMT 2025","","test_history_mixin","",""
"","99","test_create_applet_with_each_activity_item[time_item_create]","src.apps.applets.tests","Mon Jun 09 20:50:45 GMT 2025","passed","Mon Jun 09 20:50:45 GMT 2025","TestActivityItems","test_applet_activity_items","",""
"","18","test_move_to_not_accessible_folder","src.apps.applets.tests","Mon Jun 09 20:50:53 GMT 2025","passed","Mon Jun 09 20:50:53 GMT 2025","TestAppletMoveToFolder","test_applet_folder","",""
"","95","test_duplicate_applet_default_exclude_report_server_config","src.apps.applets.tests","Mon Jun 09 20:50:37 GMT 2025","passed","Mon Jun 09 20:50:37 GMT 2025","TestApplet","test_applet","",""
"","13","test_check_existance_answer_does_not_exist[activity_id-00000000-0000-0000-0000-000000000000_99]","src.apps.answers.tests","Mon Jun 09 20:50:33 GMT 2025","passed","Mon Jun 09 20:50:33 GMT 2025","TestAnswerActivityItems","test_answers_arbitrary","",""
"","39","test_flow_submission_not_completed","src.apps.answers.tests","Mon Jun 09 20:50:14 GMT 2025","passed","Mon Jun 09 20:50:14 GMT 2025","TestAnswerActivityItems","test_answers","",""
"","158","test_create_applet_with_performance_task[activity_flanker_create-flanker]","src.apps.applets.tests","Mon Jun 09 20:50:49 GMT 2025","passed","Mon Jun 09 20:50:49 GMT 2025","TestActivityItems","test_applet_activity_items","",""
"","2","test_create_single_multi_select_row_item_no_datamatrix[multi_select_row_item_create-add_scores]","src.apps.activities.tests.unit.domain","Mon Jun 09 20:49:46 GMT 2025","passed","Mon Jun 09 20:49:46 GMT 2025","","test_activity_item_create","",""
"","19","test_start_transmit_process","src.apps.integrations.loris.tests","Mon Jun 09 20:51:14 GMT 2025","passed","Mon Jun 09 20:51:14 GMT 2025","TestLorisRouter","test_routes","",""
"","67","test_update_applet_change_activities_auto_assign","src.apps.applets.tests","Mon Jun 09 20:50:36 GMT 2025","passed","Mon Jun 09 20:50:36 GMT 2025","TestApplet","test_applet","",""
"","19","test_generate_upload_url__webm_to_mp3_mp4_not_valid_extension[mp3]","src.apps.file","Mon Jun 09 20:51:10 GMT 2025","passed","Mon Jun 09 20:51:10 GMT 2025","TestAnswerActivityItems","test_file","",""
"","80","test_create_applet__activity_with_conditional_logic","src.apps.applets.tests","Mon Jun 09 20:50:49 GMT 2025","passed","Mon Jun 09 20:50:49 GMT 2025","TestActivityItems","test_applet_activity_items","",""
"","20","test_applet_assessment_retrieve","src.apps.answers.tests","Mon Jun 09 20:50:29 GMT 2025","passed","Mon Jun 09 20:50:29 GMT 2025","TestAnswerActivityItems","test_answers_arbitrary","",""
"","1","test_get_changes_is_initial_version[report_email_body-email body-Email Body was set to email body]","src.apps.applets.tests.unit","Mon Jun 09 20:51:00 GMT 2025","passed","Mon Jun 09 20:51:00 GMT 2025","","test_applet_changes","",""
"","46","test_store_client_meta","src.apps.answers.tests","Mon Jun 09 20:50:32 GMT 2025","passed","Mon Jun 09 20:50:32 GMT 2025","TestAnswerActivityItems","test_answers_arbitrary","",""
"","1","test_is_last_day_of_month[date5-True]","src.apps.applets.tests.unit","Mon Jun 09 20:51:02 GMT 2025","passed","Mon Jun 09 20:51:02 GMT 2025","","test_filter_schedule_events","",""
"","38","test_invite_new_user[editor-en]","src.apps.invitations","Mon Jun 09 20:51:23 GMT 2025","passed","Mon Jun 09 20:51:23 GMT 2025","TestInvite","test_invite","",""
"","1","test_get_current_access_token","src.apps.authentication.tests.unit","Mon Jun 09 20:51:05 GMT 2025","passed","Mon Jun 09 20:51:05 GMT 2025","","test_auth_deps","",""
"","7","test_seed_applet_with_multiple_owners","src.apps.applets.tests","Mon Jun 09 20:50:59 GMT 2025","passed","Mon Jun 09 20:50:59 GMT 2025","TestAppletSeedV1","test_applet_seed","",""
"","98","test_get_workspace_applet_respondents_filters","src.apps.workspaces.tests","Mon Jun 09 20:52:10 GMT 2025","passed","Mon Jun 09 20:52:10 GMT 2025","TestWorkspaces","test_workspaces","",""
"","27","test_create_multiple_assignments_with_flow","src.apps.activity_assignments.tests","Mon Jun 09 20:49:47 GMT 2025","passed","Mon Jun 09 20:49:47 GMT 2025","TestActivityAssignments","test_assignments","",""
"","0","test_filter_events__cross_day__start_weekday_and_end_weekday_are_not_the_same[date5-0]","src.apps.applets.tests.unit","Mon Jun 09 20:51:02 GMT 2025","passed","Mon Jun 09 20:51:02 GMT 2025","TestEventsPeriodicityWeekly","test_filter_schedule_events","",""
"","13","test_subject_assigned_activities_incorrect_reviewer","src.apps.activities.tests","Mon Jun 09 20:49:40 GMT 2025","passed","Mon Jun 09 20:49:40 GMT 2025","TestActivities","test_activities","",""
"","24","test_applets_invitation_list","src.apps.invitations","Mon Jun 09 20:51:24 GMT 2025","passed","Mon Jun 09 20:51:24 GMT 2025","TestInvite","test_invite","",""
"","45","test_invite_new_user[manager-fr]","src.apps.invitations","Mon Jun 09 20:51:23 GMT 2025","passed","Mon Jun 09 20:51:23 GMT 2025","TestInvite","test_invite","",""
"","497","test_reencrypt_answers_exception_during_reencrypt_no_retries","src.apps.users.tests","Mon Jun 09 20:52:00 GMT 2025","passed","Mon Jun 09 20:52:00 GMT 2025","","test_reencrypt_user_answers","",""
"","65","test_get_target_subjects_by_respondent_multiple_assignments","src.apps.subjects.tests","Mon Jun 09 20:51:50 GMT 2025","passed","Mon Jun 09 20:51:50 GMT 2025","TestSubjects","tests","",""
"","25","test_review_flows_one_answer","src.apps.answers.tests","Mon Jun 09 20:50:08 GMT 2025","passed","Mon Jun 09 20:50:08 GMT 2025","TestAnswerActivityItems","test_answers","",""
"","220","test_reencrypt_answers_arbitrary","src.apps.users.tests","Mon Jun 09 20:52:02 GMT 2025","passed","Mon Jun 09 20:52:02 GMT 2025","","test_reencrypt_user_answers","",""
"","1","test_save_integrity_error","src.apps.integrations.loris.tests","Mon Jun 09 20:51:14 GMT 2025","passed","Mon Jun 09 20:51:14 GMT 2025","","test_crud_relationship","",""
"","1","test_create_item_with_drawing_response_values_images_are_none","src.apps.activities.tests.unit.domain","Mon Jun 09 20:49:46 GMT 2025","passed","Mon Jun 09 20:49:46 GMT 2025","","test_activity_item_create","",""
"","12","test_update_applet__duplicated_activity","src.apps.applets.tests","Mon Jun 09 20:50:41 GMT 2025","passed","Mon Jun 09 20:50:41 GMT 2025","TestApplet","test_applet","",""
"","24","test_create_log_use_previous_value_if_attribute_null[None-None-scheduled2]","src.apps.logs","Mon Jun 09 20:51:33 GMT 2025","passed","Mon Jun 09 20:51:33 GMT 2025","TestNotificationLogs","tests","",""
"","48","test_invite_existing_user[coordinator-reviewer-200-fr]","src.apps.invitations","Mon Jun 09 20:51:22 GMT 2025","passed","Mon Jun 09 20:51:22 GMT 2025","TestInvite","test_invite","",""
"","28","test_generate_presigned_url_for_answers","src.apps.file","Mon Jun 09 20:51:10 GMT 2025","passed","Mon Jun 09 20:51:10 GMT 2025","TestAnswerActivityItems","test_file","",""
"","15","test_password_recovery","src.apps.users.tests","Mon Jun 09 20:51:54 GMT 2025","passed","Mon Jun 09 20:51:54 GMT 2025","TestPassword","test_password","",""
"","78","test_accept_or_decline_already_processed_invitation[accept_url-post]","src.apps.invitations","Mon Jun 09 20:51:27 GMT 2025","passed","Mon Jun 09 20:51:27 GMT 2025","TestInvite","test_invite","",""
"","44","test_get_flow_submissions_filters[0-query_params2-2]","src.apps.answers.tests","Mon Jun 09 20:50:11 GMT 2025","passed","Mon Jun 09 20:50:11 GMT 2025","TestAnswerActivityItems","test_answers","",""
"","0","test_get_changes_applet_updated[stream_port-8882-Stream Port was set to 8882]","src.apps.applets.tests.unit","Mon Jun 09 20:51:00 GMT 2025","passed","Mon Jun 09 20:51:00 GMT 2025","","test_applet_changes","",""
"","68","test_summary_submissions_fow_deleted_flow_with_answers","src.apps.answers.tests","Mon Jun 09 20:50:21 GMT 2025","passed","Mon Jun 09 20:50:21 GMT 2025","TestAnswerActivityItems","test_answers","",""
"","39","test_add_note","src.apps.answers.tests","Mon Jun 09 20:50:30 GMT 2025","passed","Mon Jun 09 20:50:30 GMT 2025","TestAnswerActivityItems","test_answers_arbitrary","",""
"","1","test_get_current_access_token__internal_error","src.apps.authentication.tests.unit","Mon Jun 09 20:51:05 GMT 2025","passed","Mon Jun 09 20:51:05 GMT 2025","","test_auth_deps","",""
"","19","test_invite_existing_user[editor-respondent-403-en]","src.apps.invitations","Mon Jun 09 20:51:23 GMT 2025","passed","Mon Jun 09 20:51:23 GMT 2025","TestInvite","test_invite","",""
"","99","test_workspace_remove_manager_access","src.apps.workspaces.tests","Mon Jun 09 20:52:11 GMT 2025","passed","Mon Jun 09 20:52:11 GMT 2025","TestWorkspaces","test_workspaces","",""
"","56","test_library_check_activity_item_config_fields","src.apps.library","Mon Jun 09 20:51:31 GMT 2025","passed","Mon Jun 09 20:51:31 GMT 2025","TestLibrary","tests","",""
"","1","test_arbitrary_workspace_aws_required_fields[storage_access_key]","src.apps.workspaces.tests.unit.domain","Mon Jun 09 20:52:13 GMT 2025","passed","Mon Jun 09 20:52:13 GMT 2025","","test_workspace_arbitrary","",""
"","25","test_flow_submission_no_flow","src.apps.answers.tests","Mon Jun 09 20:50:09 GMT 2025","passed","Mon Jun 09 20:50:09 GMT 2025","TestAnswerActivityItems","test_answers","",""
"","1","test_incorrect_score_items_print_item_type","src.apps.activities.tests.unit.domain","Mon Jun 09 20:49:46 GMT 2025","passed","Mon Jun 09 20:49:46 GMT 2025","TestValidateScoreAndSections","test_custom_validation","",""
"","22","test_access_to_activity_list[coordinator-403]","src.apps.answers.tests","Mon Jun 09 20:50:13 GMT 2025","passed","Mon Jun 09 20:50:13 GMT 2025","TestAnswerActivityItems","test_answers","",""
"","62","test_update_applet_with_reviewable_activity__all_schedules_for_activity_are_deleted","src.apps.applets.tests","Mon Jun 09 20:50:44 GMT 2025","passed","Mon Jun 09 20:50:44 GMT 2025","TestApplet","test_applet","",""
"","0","test_initial_activity_description_was_set","src.apps.activities.tests.unit","Mon Jun 09 20:49:46 GMT 2025","passed","Mon Jun 09 20:49:46 GMT 2025","","test_activity_change","",""
"","41","test_create_temporary_multiinformant_relation_no_op","src.apps.subjects.tests","Mon Jun 09 20:51:46 GMT 2025","passed","Mon Jun 09 20:51:46 GMT 2025","TestSubjects","tests","",""
"","38","test_get_applet_latest_submissions","src.apps.answers.tests","Mon Jun 09 20:50:23 GMT 2025","passed","Mon Jun 09 20:50:23 GMT 2025","TestAnswerActivityItems","test_answers","",""
"","27","test_get_summary_activities_performance_tasks_no_answers","src.apps.answers.tests","Mon Jun 09 20:50:03 GMT 2025","passed","Mon Jun 09 20:50:03 GMT 2025","TestAnswerActivityItems","test_answers","",""
"","0","test_get_changes_new_applet_bool_fields_disabled","src.apps.applets.tests.unit","Mon Jun 09 20:51:00 GMT 2025","passed","Mon Jun 09 20:51:00 GMT 2025","","test_applet_changes","",""
"","34","test_refresh_token_without_ids","src.apps.integrations.oneup_health.tests","Mon Jun 09 20:51:16 GMT 2025","passed","Mon Jun 09 20:51:16 GMT 2025","TestOneupHealth","test_oneup_health","",""
"","33","test_update_subject[3]","src.apps.subjects.tests","Mon Jun 09 20:51:47 GMT 2025","passed","Mon Jun 09 20:51:47 GMT 2025","TestSubjects","tests","",""
"","68","test_assigned_activities_auto_assigned[respondent]","src.apps.activities.tests","Mon Jun 09 20:49:43 GMT 2025","passed","Mon Jun 09 20:49:43 GMT 2025","TestActivities","test_activities","",""
"","1","test_filter_events[date2-1]","src.apps.applets.tests.unit","Mon Jun 09 20:51:02 GMT 2025","passed","Mon Jun 09 20:51:02 GMT 2025","TestEventsPeriodicityWeekly","test_filter_schedule_events","",""
"","1","test_get_local_tz[headers2-None]","src.infrastructure.tests.unit.http","Mon Jun 09 20:52:13 GMT 2025","passed","Mon Jun 09 20:52:13 GMT 2025","","test_deps","",""
"","16","test_update_folder_name_by_manager","src.apps.folders","Mon Jun 09 20:51:13 GMT 2025","passed","Mon Jun 09 20:51:13 GMT 2025","TestFolder","test_folder","",""
"","1","test_validate_not_valid_hour_minute[<p data-line=""21""><a href=""http://test.com/test"">test</a></p>-<p data-line=""21""><a href=""http://test.com/test"">test</a></p>]","src.apps.shared.test.unit","Mon Jun 09 20:51:46 GMT 2025","passed","Mon Jun 09 20:51:46 GMT 2025","","test_shared_custom_validation","",""
"","65","test_answer_skippable_activity_items_create_for_respondent","src.apps.answers.tests","Mon Jun 09 20:49:56 GMT 2025","passed","Mon Jun 09 20:49:56 GMT 2025","TestAnswerActivityItems","test_answers","",""
"","4","test_authenticate_user__user_not_found","src.apps.authentication.tests.unit","Mon Jun 09 20:51:08 GMT 2025","passed","Mon Jun 09 20:51:08 GMT 2025","TestAuthService","test_auth_service","",""
"","27","test_create_log_allow_empty_array_if_prev_is_none[notificationDescriptions-payloads0]","src.apps.logs","Mon Jun 09 20:51:33 GMT 2025","passed","Mon Jun 09 20:51:33 GMT 2025","TestNotificationLogs","tests","",""
"","2","test_event_request_with_random_notification__from_time_not_in_between_start_time_and_end_time[event_weekdays_data-not_valid_from6]","src.apps.schedule.tests.unit.domain","Mon Jun 09 20:51:46 GMT 2025","passed","Mon Jun 09 20:51:46 GMT 2025","","test_schedule_request_data","",""
"","2","test_create_single_multi_select_row_item_add_alerts[single_select_row_item_create]","src.apps.activities.tests.unit.domain","Mon Jun 09 20:49:46 GMT 2025","passed","Mon Jun 09 20:49:46 GMT 2025","","test_activity_item_create","",""
"","17","test_get_workspace_respondent_accesses","src.apps.workspaces.tests","Mon Jun 09 20:52:10 GMT 2025","passed","Mon Jun 09 20:52:10 GMT 2025","TestWorkspaces","test_workspaces","",""
"","164","test_applet_ehr_data_endpoint","src.apps.answers.tests","Mon Jun 09 20:50:24 GMT 2025","passed","Mon Jun 09 20:50:25 GMT 2025","TestAnswerActivityItems","test_answers","",""
"","30","test_access_to_activity_list[owner-200]","src.apps.answers.tests","Mon Jun 09 20:50:13 GMT 2025","passed","Mon Jun 09 20:50:13 GMT 2025","TestAnswerActivityItems","test_answers","",""
"","1","test_date_logic","src.apps.activities.tests.unit.domain","Mon Jun 09 20:49:46 GMT 2025","passed","Mon Jun 09 20:49:46 GMT 2025","","test_activity_item_create","",""
"","535","test_verify_password","src.apps.authentication.tests.unit","Mon Jun 09 20:51:07 GMT 2025","passed","Mon Jun 09 20:51:08 GMT 2025","TestAuthService","test_auth_service","",""
"","28","test_alert_get_all","src.apps.alerts","Mon Jun 09 20:49:50 GMT 2025","passed","Mon Jun 09 20:49:51 GMT 2025","TestAlert","test_alerts","",""
"","40","test_invite_new_user[coordinator-fr]","src.apps.invitations","Mon Jun 09 20:51:23 GMT 2025","passed","Mon Jun 09 20:51:23 GMT 2025","TestInvite","test_invite","",""
"","27","test_schedule_get_user_by_applet","src.apps.schedule.tests","Mon Jun 09 20:51:38 GMT 2025","passed","Mon Jun 09 20:51:38 GMT 2025","TestSchedule","test_schedule","",""
"","1","test_event_cross_day_with_random_notification__to_time_not_in_between_start_time_and_end_time[event_weekdays_data-not_valid_to3]","src.apps.schedule.tests.unit.domain","Mon Jun 09 20:51:46 GMT 2025","passed","Mon Jun 09 20:51:46 GMT 2025","","test_schedule_request_data","",""
"","0","test_drawing_response_values_image_name_does_not_start_with_http[drawing_background-badextenstion.xxx]","src.apps.activities.tests.unit.domain","Mon Jun 09 20:49:46 GMT 2025","passed","Mon Jun 09 20:49:46 GMT 2025","","test_activity_item_create","",""
"","1","test_get_current_user_for_ws__expired_time_is_less_than_now","src.apps.authentication.tests.unit","Mon Jun 09 20:51:05 GMT 2025","passed","Mon Jun 09 20:51:05 GMT 2025","","test_auth_deps","",""
"","15","test_invitation_decline","src.apps.invitations","Mon Jun 09 20:51:24 GMT 2025","passed","Mon Jun 09 20:51:24 GMT 2025","TestInvite","test_invite","",""
"","45","test_recreate_temporary_multiinformant_relation","src.apps.subjects.tests","Mon Jun 09 20:51:46 GMT 2025","passed","Mon Jun 09 20:51:46 GMT 2025","TestSubjects","tests","",""
"","293","test_logout2_device_removed","src.apps.authentication.tests","Mon Jun 09 20:51:04 GMT 2025","passed","Mon Jun 09 20:51:05 GMT 2025","TestAuthentication","test_auth","",""
"","2","test_retrieve_by_applet_id_version","src.apps.applets.tests.unit","Mon Jun 09 20:51:01 GMT 2025","passed","Mon Jun 09 20:51:02 GMT 2025","","test_applet_history_crud","",""
"","24","test_get_invitation_by_key_already_accpted_declined[decline_url-delete]","src.apps.invitations","Mon Jun 09 20:51:26 GMT 2025","passed","Mon Jun 09 20:51:26 GMT 2025","TestInvite","test_invite","",""
"","1","test_items_score_conditional_logic_value_float","src.apps.activities.tests.unit.domain","Mon Jun 09 20:49:46 GMT 2025","passed","Mon Jun 09 20:49:46 GMT 2025","TestValidateScoreAndSections","test_custom_validation","",""
"","45","test_library_get_detail","src.apps.library","Mon Jun 09 20:51:30 GMT 2025","passed","Mon Jun 09 20:51:30 GMT 2025","TestLibrary","tests","",""
"","80","test_list_submit_dates_with_flow_id","src.apps.answers.tests","Mon Jun 09 20:50:27 GMT 2025","passed","Mon Jun 09 20:50:27 GMT 2025","TestAnswerActivityItems","test_answers_arbitrary","",""
"","3","test_schedule_retry","src.apps.integrations.oneup_health.tests","Mon Jun 09 20:51:18 GMT 2025","passed","Mon Jun 09 20:51:18 GMT 2025","TestTaskIngestUserData","test_task","",""
"","2","test_create_single_multi_select_item__add_scores_is_true_without_scores[multi_select_item_create]","src.apps.activities.tests.unit.domain","Mon Jun 09 20:49:46 GMT 2025","passed","Mon Jun 09 20:49:46 GMT 2025","","test_activity_item_create","",""
"","4","test_update_display_name","src.apps.applets.tests.unit","Mon Jun 09 20:51:02 GMT 2025","passed","Mon Jun 09 20:51:02 GMT 2025","","test_applet_history_crud","",""
"","20","test_generate_presigned_media_for_webm_file__conveted_in_url__upload_url_has_operations_bucket[test.webm]","src.apps.file","Mon Jun 09 20:51:10 GMT 2025","passed","Mon Jun 09 20:51:10 GMT 2025","TestAnswerActivityItems","test_file","",""
"","44","test_schedule_create_individual","src.apps.schedule.tests","Mon Jun 09 20:51:38 GMT 2025","passed","Mon Jun 09 20:51:38 GMT 2025","TestSchedule","test_schedule","",""
"","1","test_filter_events__cross_day_event__start_date_and_and_date_is_last_day_of_month[date2-1]","src.apps.applets.tests.unit","Mon Jun 09 20:51:02 GMT 2025","passed","Mon Jun 09 20:51:02 GMT 2025","TestEventsPeriodicityMontly","test_filter_schedule_events","",""
"","33","test_assigned_performance_tasks[target]","src.apps.activities.tests","Mon Jun 09 20:49:45 GMT 2025","passed","Mon Jun 09 20:49:45 GMT 2025","TestActivities","test_activities","",""
"","2","test_get_by_loris_user_id","src.apps.integrations.loris.tests","Mon Jun 09 20:51:14 GMT 2025","passed","Mon Jun 09 20:51:14 GMT 2025","","test_crud_relationship","",""
"","106","test_create_applet_with_each_activity_item[single_select_row_item_create]","src.apps.applets.tests","Mon Jun 09 20:50:46 GMT 2025","passed","Mon Jun 09 20:50:46 GMT 2025","TestActivityItems","test_applet_activity_items","",""
"","70","test_get_workspace_respondents_as_coordinator_and_reviewer","src.apps.workspaces.tests","Mon Jun 09 20:52:09 GMT 2025","passed","Mon Jun 09 20:52:09 GMT 2025","TestWorkspaces","test_workspaces","",""
"","24","test_general_file_download_client_error__cdn_client_file_not_found_error","src.apps.file","Mon Jun 09 20:51:11 GMT 2025","passed","Mon Jun 09 20:51:11 GMT 2025","TestAnswerActivityItems","test_file","",""
"","0","test_single_select_rows_new_response_value_was_removed[options-exp_changes1]","src.apps.activities.tests.unit","Mon Jun 09 20:49:46 GMT 2025","passed","Mon Jun 09 20:49:46 GMT 2025","","test_activity_item_change","",""
"","1","test_event_request_with_fixed_notification__at_time_not_in_between_start_time_and_end_time[event_monthly_data-out_of_range_time9]","src.apps.schedule.tests.unit.domain","Mon Jun 09 20:51:46 GMT 2025","passed","Mon Jun 09 20:51:46 GMT 2025","","test_schedule_request_data","",""
"","29","test_update_individual_event__notification_sent_to_the_individual_respondent","src.apps.schedule.tests","Mon Jun 09 20:51:43 GMT 2025","passed","Mon Jun 09 20:51:43 GMT 2025","TestSchedule","test_schedule","",""
"","1","test_get_local_tz__exception[headers1-True-X-Timezone header value required]","src.infrastructure.tests.unit.http","Mon Jun 09 20:52:13 GMT 2025","passed","Mon Jun 09 20:52:13 GMT 2025","","test_deps","",""
"","30","test_import_schedule__always_available_removed_old_events","src.apps.schedule.tests","Mon Jun 09 20:51:45 GMT 2025","passed","Mon Jun 09 20:51:45 GMT 2025","TestSchedule","test_schedule","",""
"","12","test_password_recovery__update_user_email_encrypted_if_no_email_encrypted","src.apps.users.tests","Mon Jun 09 20:51:57 GMT 2025","passed","Mon Jun 09 20:51:57 GMT 2025","TestPassword","test_password","",""
"","1","test_filter_events__cross_day_event__start_date_and_and_date_is_last_day_of_month[date5-0]","src.apps.applets.tests.unit","Mon Jun 09 20:51:02 GMT 2025","passed","Mon Jun 09 20:51:02 GMT 2025","TestEventsPeriodicityMontly","test_filter_schedule_events","",""
"","6","test_seed_invalid_first_event_schedule","src.apps.applets.tests","Mon Jun 09 20:50:59 GMT 2025","passed","Mon Jun 09 20:50:59 GMT 2025","TestAppletSeedV1","test_applet_seed","",""
"","302","test_login_and_logout_device","src.apps.authentication.tests","Mon Jun 09 20:51:03 GMT 2025","passed","Mon Jun 09 20:51:03 GMT 2025","TestAuthentication","test_auth","",""
"","21","test_folder_applets_not_super_admin","src.apps.workspaces.tests","Mon Jun 09 20:52:11 GMT 2025","passed","Mon Jun 09 20:52:11 GMT 2025","TestWorkspaces","test_workspaces","",""
"","11","test_applet_access_link_get","src.apps.applets.tests","Mon Jun 09 20:50:54 GMT 2025","passed","Mon Jun 09 20:50:54 GMT 2025","TestLink","test_applet_link","",""
"","1","test_validator_successful_create_gt_condition[payload0]","src.apps.activities.tests.unit.domain","Mon Jun 09 20:49:46 GMT 2025","passed","Mon Jun 09 20:49:46 GMT 2025","TestValidateItemFlow","test_custom_validation","",""
"","0","test_get_changes_is_initial_version[report_server_ip-http://localhost-Server URL was set to http://localhost]","src.apps.applets.tests.unit","Mon Jun 09 20:51:00 GMT 2025","passed","Mon Jun 09 20:51:00 GMT 2025","","test_applet_changes","",""
"","1","test_is_last_day_of_month[date1-True]","src.apps.applets.tests.unit","Mon Jun 09 20:51:02 GMT 2025","passed","Mon Jun 09 20:51:02 GMT 2025","","test_filter_schedule_events","",""
"","736","test_creating_activity_items_without_option_value[multi_select_item_create]","src.apps.applets.tests","Mon Jun 09 20:50:50 GMT 2025","passed","Mon Jun 09 20:50:50 GMT 2025","TestActivityItems","test_applet_activity_items","",""
"","48","test_invite_existing_user[coordinator-reviewer-200-en]","src.apps.invitations","Mon Jun 09 20:51:21 GMT 2025","passed","Mon Jun 09 20:51:21 GMT 2025","TestInvite","test_invite","",""
"","6","test_create_anonymous_respondent__created_only_once","src.apps.users.tests.unit","Mon Jun 09 20:52:06 GMT 2025","passed","Mon Jun 09 20:52:06 GMT 2025","","test_user_service","",""
"","48","test_answers_export","src.apps.answers.tests","Mon Jun 09 20:50:31 GMT 2025","passed","Mon Jun 09 20:50:31 GMT 2025","TestAnswerActivityItems","test_answers_arbitrary","",""
"","203","test_assigned_activities_manually_assigned[respondent-result_order1]","src.apps.activities.tests","Mon Jun 09 20:49:44 GMT 2025","passed","Mon Jun 09 20:49:44 GMT 2025","TestActivities","test_activities","",""
"","0","test_duplicated_section_name_in_reports","src.apps.activities.tests.unit.domain","Mon Jun 09 20:49:46 GMT 2025","passed","Mon Jun 09 20:49:46 GMT 2025","TestValidateScoreAndSections","test_custom_validation","",""
"","107","test_assigned_activities_from_submission[respondent]","src.apps.activities.tests","Mon Jun 09 20:49:44 GMT 2025","passed","Mon Jun 09 20:49:44 GMT 2025","TestActivities","test_activities","",""
"","3","test_exists_by_id","src.apps.applets.tests.unit","Mon Jun 09 20:51:00 GMT 2025","passed","Mon Jun 09 20:51:00 GMT 2025","","test_applet_crud","",""
"","5","test_create_super_user_admin__created_only_once","src.apps.users.tests.unit","Mon Jun 09 20:52:05 GMT 2025","passed","Mon Jun 09 20:52:05 GMT 2025","","test_user_service","",""
"","4","test_password_recovery_heathcheck_with_result","src.apps.users.tests","Mon Jun 09 20:51:57 GMT 2025","passed","Mon Jun 09 20:51:57 GMT 2025","TestPassword","test_password","",""
"","23","test_check_existance_answer_does_not_exist__not_answer_applet","src.apps.answers.tests","Mon Jun 09 20:50:34 GMT 2025","passed","Mon Jun 09 20:50:34 GMT 2025","TestAnswerActivityItems","test_answers_arbitrary","",""
"","6","test_create_access_link_login_not_required","src.apps.applets.tests.unit","Mon Jun 09 20:51:01 GMT 2025","passed","Mon Jun 09 20:51:01 GMT 2025","","test_applet_crud","",""
"","63","test_shell_invite[shell_create0]","src.apps.invitations","Mon Jun 09 20:51:27 GMT 2025","passed","Mon Jun 09 20:51:27 GMT 2025","TestInvite","test_invite","",""
"","76","test_count","src.apps.schedule.tests","Mon Jun 09 20:51:36 GMT 2025","passed","Mon Jun 09 20:51:36 GMT 2025","TestSchedule","test_schedule","",""
"","2","test_score_and_reports_duplicated_name_in_conditional_logic_is_not_allowed_for_score","src.apps.activities.tests.unit.domain","Mon Jun 09 20:49:46 GMT 2025","passed","Mon Jun 09 20:49:46 GMT 2025","","test_scores_reports","",""
"","2","test_slider_rows_logic","src.apps.activities.tests.unit.domain","Mon Jun 09 20:49:46 GMT 2025","passed","Mon Jun 09 20:49:46 GMT 2025","","test_activity_item_create","",""
"","18","test_review_delete[bob-403]","src.apps.answers.tests","Mon Jun 09 20:50:05 GMT 2025","passed","Mon Jun 09 20:50:05 GMT 2025","TestAnswerActivityItems","test_answers","",""
"","29","test_answer_download_client_error__unknown_error","src.apps.file","Mon Jun 09 20:51:10 GMT 2025","passed","Mon Jun 09 20:51:11 GMT 2025","TestAnswerActivityItems","test_file","",""
"","728","test_invite_existing_user[coordinator-manager-403-en]","src.apps.invitations","Mon Jun 09 20:51:22 GMT 2025","passed","Mon Jun 09 20:51:22 GMT 2025","TestInvite","test_invite","",""
"","11","test_password_recovery_mobile","src.apps.users.tests","Mon Jun 09 20:51:54 GMT 2025","passed","Mon Jun 09 20:51:54 GMT 2025","TestPassword","test_password","",""
"","0","test_single_date_payload_invalid_date","src.apps.activities.tests.unit.domain","Mon Jun 09 20:49:46 GMT 2025","passed","Mon Jun 09 20:49:46 GMT 2025","TestValidateItemFlow","test_custom_validation","",""
"","12","test_create_log","src.apps.logs","Mon Jun 09 20:51:32 GMT 2025","passed","Mon Jun 09 20:51:32 GMT 2025","TestNotificationLogs","tests","",""
"","281","test_get_token__email_encrypted_updated_if_there_is_no_email","src.apps.authentication.tests","Mon Jun 09 20:51:04 GMT 2025","passed","Mon Jun 09 20:51:04 GMT 2025","TestAuthentication","test_auth","",""
"","27","test_get_summary_activities_no_answer_no_performance_task","src.apps.answers.tests","Mon Jun 09 20:50:03 GMT 2025","passed","Mon Jun 09 20:50:03 GMT 2025","TestAnswerActivityItems","test_answers","",""
"","0","test_slider_rows_values_added_new_row","src.apps.activities.tests.unit","Mon Jun 09 20:49:46 GMT 2025","passed","Mon Jun 09 20:49:46 GMT 2025","","test_activity_item_change","",""
"","15","test_update_folder_name_with_already_exists","src.apps.folders","Mon Jun 09 20:51:12 GMT 2025","passed","Mon Jun 09 20:51:12 GMT 2025","TestFolder","test_folder","",""
"","33","test_applet_access_link_create_for_anonym","src.apps.applets.tests","Mon Jun 09 20:50:54 GMT 2025","passed","Mon Jun 09 20:50:54 GMT 2025","TestLink","test_applet_link","",""
"","7","test_password_recovery__user_does_not_exists_error_is_muted","src.apps.users.tests","Mon Jun 09 20:51:57 GMT 2025","passed","Mon Jun 09 20:51:57 GMT 2025","TestPassword","test_password","",""
"","14","test_delete_not_empty_folder","src.apps.folders","Mon Jun 09 20:51:13 GMT 2025","passed","Mon Jun 09 20:51:13 GMT 2025","TestFolder","test_folder","",""
"","7","test_seed_duplicate_subject_secret_ids","src.apps.applets.tests","Mon Jun 09 20:50:59 GMT 2025","passed","Mon Jun 09 20:50:59 GMT 2025","TestAppletSeedV1","test_applet_seed","",""
"","29","test_applet_list","src.apps.applets.tests","Mon Jun 09 20:50:38 GMT 2025","passed","Mon Jun 09 20:50:38 GMT 2025","TestApplet","test_applet","",""
"","49","test_applet_set_data_retention","src.apps.applets.tests","Mon Jun 09 20:50:59 GMT 2025","passed","Mon Jun 09 20:50:59 GMT 2025","TestSettings","test_applet_settings","",""
"","21","test_applet_delete_by_manager","src.apps.applets.tests","Mon Jun 09 20:50:38 GMT 2025","passed","Mon Jun 09 20:50:38 GMT 2025","TestApplet","test_applet","",""
"","1","test_successful_validation","src.apps.activities.tests.unit.domain","Mon Jun 09 20:49:46 GMT 2025","passed","Mon Jun 09 20:49:46 GMT 2025","TestValidateRawScoreSubscale","test_custom_validation_subscale","",""
"","1","test_create_item__not_valid_config_missing_add_scores_and_set_alerts[add_scores]","src.apps.activities.tests.unit.domain","Mon Jun 09 20:49:46 GMT 2025","passed","Mon Jun 09 20:49:46 GMT 2025","","test_activity_item_create","",""
"","1","test_create_slider_item__add_scores_is_true_without_scores","src.apps.activities.tests.unit.domain","Mon Jun 09 20:49:46 GMT 2025","passed","Mon Jun 09 20:49:46 GMT 2025","","test_activity_item_create","",""
"","50","test_create_assignments_with_pending_subject","src.apps.activity_assignments.tests","Mon Jun 09 20:49:47 GMT 2025","passed","Mon Jun 09 20:49:48 GMT 2025","TestActivityAssignments","test_assignments","",""
"","25","test_retrieve_applet_versions__applet_with_flow","src.apps.applets.tests","Mon Jun 09 20:50:43 GMT 2025","passed","Mon Jun 09 20:50:43 GMT 2025","TestApplet","test_applet","",""
"","15","test_assigned_activities_editor[target]","src.apps.activities.tests","Mon Jun 09 20:49:42 GMT 2025","passed","Mon Jun 09 20:49:42 GMT 2025","TestActivities","test_activities","",""
"","13","test_token_revoke__token_already_revoked","src.apps.authentication.tests.unit","Mon Jun 09 20:51:09 GMT 2025","passed","Mon Jun 09 20:51:09 GMT 2025","TestTokenService","test_auth_service","",""
"","4","test_delete_by_id","src.apps.applets.tests.unit","Mon Jun 09 20:51:01 GMT 2025","passed","Mon Jun 09 20:51:01 GMT 2025","","test_applet_crud","",""
"","0","test_filter_events__cross_day[date1-1]","src.apps.applets.tests.unit","Mon Jun 09 20:51:02 GMT 2025","passed","Mon Jun 09 20:51:02 GMT 2025","TestEventsPeriodicityWeekdays","test_filter_schedule_events","",""
"","2","test_event_request_periodicity_not_always_no_required_fields[event_once_data-access_before_schedule]","src.apps.schedule.tests.unit.domain","Mon Jun 09 20:51:45 GMT 2025","passed","Mon Jun 09 20:51:45 GMT 2025","","test_schedule_request_data","",""
"","80","test_send_invitation_to_reviewer_invitation_already_approved","src.apps.invitations","Mon Jun 09 20:51:27 GMT 2025","passed","Mon Jun 09 20:51:27 GMT 2025","TestInvite","test_invite","",""
"","1","test_filter_events__cross_day__start_weekday_and_end_weekday_are_not_the_same[date3-1]","src.apps.applets.tests.unit","Mon Jun 09 20:51:02 GMT 2025","passed","Mon Jun 09 20:51:02 GMT 2025","TestEventsPeriodicityWeekly","test_filter_schedule_events","",""
"","62","test_get_target_subjects_by_respondent_manual_assignment","src.apps.subjects.tests","Mon Jun 09 20:51:50 GMT 2025","passed","Mon Jun 09 20:51:50 GMT 2025","TestSubjects","tests","",""
"","35","test_get_target_subjects_by_respondent_reviewer_with_assignment","src.apps.subjects.tests","Mon Jun 09 20:51:49 GMT 2025","passed","Mon Jun 09 20:51:49 GMT 2025","TestSubjects","tests","",""
"","1","test_filter_events__cross_day__start_weekday_and_end_weekday_are_the_same[date0-0]","src.apps.applets.tests.unit","Mon Jun 09 20:51:02 GMT 2025","passed","Mon Jun 09 20:51:02 GMT 2025","TestEventsPeriodicityWeekly","test_filter_schedule_events","",""
"","0","test_create_single_select_item__not_valid_response_values[value1]","src.apps.activities.tests.unit.domain","Mon Jun 09 20:49:46 GMT 2025","passed","Mon Jun 09 20:49:46 GMT 2025","","test_activity_item_create","",""
"","2","test_arbitrary_workspace_gcp_required_fields[storage_url]","src.apps.workspaces.tests.unit.domain","Mon Jun 09 20:52:13 GMT 2025","passed","Mon Jun 09 20:52:13 GMT 2025","","test_workspace_arbitrary","",""
"","44","test_invite_existing_user[admin-manager-200-fr]","src.apps.invitations","Mon Jun 09 20:51:18 GMT 2025","passed","Mon Jun 09 20:51:18 GMT 2025","TestInvite","test_invite","",""
"","330","test_new_user_accept_decline_invitation[declined-decline_url-delete]","src.apps.invitations","Mon Jun 09 20:51:25 GMT 2025","passed","Mon Jun 09 20:51:26 GMT 2025","TestInvite","test_invite","",""
"","2","test_create_activity_item_single_multi_select_row_alert_is_not_none_but_set_alerts_not_set[single_select_row_item_create]","src.apps.activities.tests.unit.domain","Mon Jun 09 20:49:46 GMT 2025","passed","Mon Jun 09 20:49:46 GMT 2025","","test_activity_item_create","",""
"","0","test_get_changes_is_initial_version[image-image-Applet Image was set to image]","src.apps.applets.tests.unit","Mon Jun 09 20:51:00 GMT 2025","passed","Mon Jun 09 20:51:00 GMT 2025","","test_applet_changes","",""
"","2","test_create_single_multi_select_item__add_scores_is_true_with_scores_float_rounded[multi_select_item_create]","src.apps.activities.tests.unit.domain","Mon Jun 09 20:49:46 GMT 2025","passed","Mon Jun 09 20:49:46 GMT 2025","","test_activity_item_create","",""
"","54","test_assignment_list_by_respondent_success","src.apps.activity_assignments.tests","Mon Jun 09 20:49:49 GMT 2025","passed","Mon Jun 09 20:49:49 GMT 2025","TestActivityAssignments","test_assignments","",""
"","16","test_decline_transfer","src.apps.transfer_ownership","Mon Jun 09 20:51:52 GMT 2025","passed","Mon Jun 09 20:51:52 GMT 2025","TestTransfer","tests","",""
"","111","test_assigned_activities_from_submission[target]","src.apps.activities.tests","Mon Jun 09 20:49:44 GMT 2025","passed","Mon Jun 09 20:49:44 GMT 2025","TestActivities","test_activities","",""
"","24","test_get_summary_activities_has_answer_no_performance_task","src.apps.answers.tests","Mon Jun 09 20:50:32 GMT 2025","passed","Mon Jun 09 20:50:32 GMT 2025","TestAnswerActivityItems","test_answers_arbitrary","",""
"","101","test_create_applet_with_each_activity_item[date_item_create]","src.apps.applets.tests","Mon Jun 09 20:50:45 GMT 2025","passed","Mon Jun 09 20:50:45 GMT 2025","TestActivityItems","test_applet_activity_items","",""
"","38","test_set_encryption","src.apps.applets.tests","Mon Jun 09 20:50:37 GMT 2025","passed","Mon Jun 09 20:50:38 GMT 2025","TestApplet","test_applet","",""
"","46","test_invite_existing_user[manager-coordinator-200-en]","src.apps.invitations","Mon Jun 09 20:51:20 GMT 2025","passed","Mon Jun 09 20:51:20 GMT 2025","TestInvite","test_invite","",""
"","61","test_answer_activity_items_relation_equal_other_when_relation_is_temp","src.apps.answers.tests","Mon Jun 09 20:49:57 GMT 2025","passed","Mon Jun 09 20:49:57 GMT 2025","TestAnswerActivityItems","test_answers","",""
"","26","test_applets_flat_list","src.apps.workspaces.tests","Mon Jun 09 20:52:11 GMT 2025","passed","Mon Jun 09 20:52:11 GMT 2025","TestWorkspaces","test_workspaces","",""
"","2","test_event_request_with_fixed_notification__at_time_not_in_between_start_time_and_end_time[event_weekdays_data-out_of_range_time7]","src.apps.schedule.tests.unit.domain","Mon Jun 09 20:51:46 GMT 2025","passed","Mon Jun 09 20:51:46 GMT 2025","","test_schedule_request_data","",""
"","47","test_get_flow_submissions_filters[1-query_params4-1]","src.apps.answers.tests","Mon Jun 09 20:50:12 GMT 2025","passed","Mon Jun 09 20:50:12 GMT 2025","TestAnswerActivityItems","test_answers","",""
"","19","test_workspace_respondent_update_with_non_existing_respondent_id","src.apps.workspaces.tests","Mon Jun 09 20:52:13 GMT 2025","passed","Mon Jun 09 20:52:13 GMT 2025","TestWorkspaces","test_workspaces","",""
"","36","test_schedule_delete_specific_event","src.apps.schedule.tests","Mon Jun 09 20:51:35 GMT 2025","passed","Mon Jun 09 20:51:35 GMT 2025","TestSchedule","test_schedule","",""
"","1","test_validate_not_valid_hour_minute[One <script>alert('Injected!')</script> Two-One  Two]","src.apps.shared.test.unit","Mon Jun 09 20:51:46 GMT 2025","passed","Mon Jun 09 20:51:46 GMT 2025","","test_shared_custom_validation","",""
"","2","test_arbitrary_workspace_common_required_fields[database_uri]","src.apps.workspaces.tests.unit.domain","Mon Jun 09 20:52:13 GMT 2025","passed","Mon Jun 09 20:52:13 GMT 2025","","test_workspace_arbitrary","",""
"","111","test_get_workspace_applet_managers","src.apps.workspaces.tests","Mon Jun 09 20:52:10 GMT 2025","passed","Mon Jun 09 20:52:10 GMT 2025","TestWorkspaces","test_workspaces","",""
"","14","test_schedule_create__no_valid_flow_id","src.apps.schedule.tests","Mon Jun 09 20:51:44 GMT 2025","passed","Mon Jun 09 20:51:44 GMT 2025","TestSchedule","test_schedule","",""
"","5","test_create_user__user_already_exists","src.apps.users.tests.unit","Mon Jun 09 20:52:03 GMT 2025","passed","Mon Jun 09 20:52:03 GMT 2025","","test_user_crud","",""
"","24","test_generate_upload_url__webm_to_mp3_mp4[test.webm-without extension-test.webm.mp3]","src.apps.file","Mon Jun 09 20:51:10 GMT 2025","passed","Mon Jun 09 20:51:10 GMT 2025","TestAnswerActivityItems","test_file","",""
"","337","test_update_invitation_for_new_user_who_registered_after_first_invitation","src.apps.invitations","Mon Jun 09 20:51:26 GMT 2025","passed","Mon Jun 09 20:51:26 GMT 2025","TestInvite","test_invite","",""
"","1","test_create_slider_item__add_scores_is_true_with_scores_float_rounded","src.apps.activities.tests.unit.domain","Mon Jun 09 20:49:46 GMT 2025","passed","Mon Jun 09 20:49:46 GMT 2025","","test_activity_item_create","",""
"","0","test_get_changes_applet_updated[image-image-Applet Image was set to image]","src.apps.applets.tests.unit","Mon Jun 09 20:51:00 GMT 2025","passed","Mon Jun 09 20:51:00 GMT 2025","","test_applet_changes","",""
"","6","test_refresh_access_token","src.apps.authentication.tests","Mon Jun 09 20:51:03 GMT 2025","passed","Mon Jun 09 20:51:03 GMT 2025","TestAuthentication","test_auth","",""
"","26","test_upload_logs","src.apps.file","Mon Jun 09 20:51:11 GMT 2025","passed","Mon Jun 09 20:51:11 GMT 2025","TestAnswerActivityItems","test_file","",""
"","34","test_accept_transfer_if_deleted_subject_already_exists","src.apps.transfer_ownership","Mon Jun 09 20:51:52 GMT 2025","passed","Mon Jun 09 20:51:52 GMT 2025","TestTransfer","tests","",""
"","16","test_add_to_cart_no_cart_items","src.apps.library","Mon Jun 09 20:51:31 GMT 2025","passed","Mon Jun 09 20:51:31 GMT 2025","TestLibrary","tests","",""
"","22","test_library_applet_name_already_exists","src.apps.library","Mon Jun 09 20:51:31 GMT 2025","passed","Mon Jun 09 20:51:31 GMT 2025","TestLibrary","tests","",""
"","0","test_create_activity_item_slider_rows_with_alerts_value_is_not_none_but_alerts_not_set","src.apps.activities.tests.unit.domain","Mon Jun 09 20:49:46 GMT 2025","passed","Mon Jun 09 20:49:46 GMT 2025","","test_activity_item_create","",""
"","28","test_create_assignment_shell_account_target","src.apps.activity_assignments.tests","Mon Jun 09 20:49:48 GMT 2025","passed","Mon Jun 09 20:49:48 GMT 2025","TestActivityAssignments","test_assignments","",""
"","104","test_create_applet_with_each_activity_item[drawing_item_create]","src.apps.applets.tests","Mon Jun 09 20:50:46 GMT 2025","passed","Mon Jun 09 20:50:46 GMT 2025","TestActivityItems","test_applet_activity_items","",""
"","1","test_event_request_with_random_notification__to_time_not_in_between_start_time_and_end_time[event_once_data-not_valid_to2]","src.apps.schedule.tests.unit.domain","Mon Jun 09 20:51:46 GMT 2025","passed","Mon Jun 09 20:51:46 GMT 2025","","test_schedule_request_data","",""
"","1","test_arbitrary_workspace_gcp_required_fields[storage_access_key]","src.apps.workspaces.tests.unit.domain","Mon Jun 09 20:52:13 GMT 2025","passed","Mon Jun 09 20:52:13 GMT 2025","","test_workspace_arbitrary","",""
"","0","test_single_select_rows_new_response_value_was_added[options-exp_changes1]","src.apps.activities.tests.unit","Mon Jun 09 20:49:46 GMT 2025","passed","Mon Jun 09 20:49:46 GMT 2025","","test_activity_item_change","",""
"","46","test_validate_multiinformant_assessment_fail_no_activity","src.apps.answers.tests","Mon Jun 09 20:50:23 GMT 2025","passed","Mon Jun 09 20:50:23 GMT 2025","TestAnswerActivityItems","test_answers","",""
"","1","test_not_float_value_error","src.apps.activities.tests.unit.domain","Mon Jun 09 20:49:46 GMT 2025","passed","Mon Jun 09 20:49:46 GMT 2025","TestValidateRawScoreSubscale","test_custom_validation_subscale","",""
"","0","test_drawing_response_values_image_name_does_not_start_with_http[drawing_example-notfile]","src.apps.activities.tests.unit.domain","Mon Jun 09 20:49:46 GMT 2025","passed","Mon Jun 09 20:49:46 GMT 2025","","test_activity_item_create","",""
"","3","test_delete_access_link","src.apps.applets.tests.unit","Mon Jun 09 20:51:01 GMT 2025","passed","Mon Jun 09 20:51:01 GMT 2025","","test_applet_crud","",""
"","22","test_folder_applets","src.apps.workspaces.tests","Mon Jun 09 20:52:11 GMT 2025","passed","Mon Jun 09 20:52:11 GMT 2025","TestWorkspaces","test_workspaces","",""
"","0","test_single_selection_config_timer_was_added","src.apps.activities.tests.unit","Mon Jun 09 20:49:47 GMT 2025","passed","Mon Jun 09 20:49:47 GMT 2025","","test_activity_item_change","",""
"","48","test_remove_relation[subject_id0-None-404]","src.apps.subjects.tests","Mon Jun 09 20:51:46 GMT 2025","passed","Mon Jun 09 20:51:47 GMT 2025","TestSubjects","tests","",""
"","60","test_workspace_respondent_emails","src.apps.workspaces.tests","Mon Jun 09 20:52:13 GMT 2025","passed","Mon Jun 09 20:52:13 GMT 2025","TestWorkspaces","test_workspaces","",""
"","1","test_initial_single_selection_additional_option_enabled[text_input_option-Add Text Input Option was enabled]","src.apps.activities.tests.unit","Mon Jun 09 20:49:46 GMT 2025","passed","Mon Jun 09 20:49:46 GMT 2025","","test_activity_item_change","",""
"","1","test_event_request_periodicity_not_always_no_required_fields[event_weekdays_data-start_time]","src.apps.schedule.tests.unit.domain","Mon Jun 09 20:51:46 GMT 2025","passed","Mon Jun 09 20:51:46 GMT 2025","","test_schedule_request_data","",""
"","1","test_create_activity_item_single_multi_select_alert_is_not_none_but_set_alerts_not_set[single_select_item_create]","src.apps.activities.tests.unit.domain","Mon Jun 09 20:49:46 GMT 2025","passed","Mon Jun 09 20:49:46 GMT 2025","","test_activity_item_create","",""
"","1","test_ml_loris_user_relationship_base_model","src.apps.integrations.loris.tests","Mon Jun 09 20:51:14 GMT 2025","passed","Mon Jun 09 20:51:14 GMT 2025","","test_domain","",""
"","109","test_pin_subject","src.apps.workspaces.tests","Mon Jun 09 20:52:12 GMT 2025","passed","Mon Jun 09 20:52:12 GMT 2025","TestWorkspaces","test_workspaces","",""
"","1","test_conditional_logic_changed","src.apps.activities.tests.unit","Mon Jun 09 20:49:46 GMT 2025","passed","Mon Jun 09 20:49:46 GMT 2025","","test_activity_item_change","",""
"","0","test_section_sanitize_string","src.apps.activities.tests.unit.domain","Mon Jun 09 20:49:46 GMT 2025","passed","Mon Jun 09 20:49:46 GMT 2025","","test_scores_reports","",""
"","38","test_unassign_no_effect_with_wrong_activity","src.apps.activity_assignments.tests","Mon Jun 09 20:49:50 GMT 2025","passed","Mon Jun 09 20:49:50 GMT 2025","TestActivityAssignments","test_assignments","",""
"","2","test_single_multi_select_item_row__option_value_is_none[single_select_row_item_create]","src.apps.activities.tests.unit.domain","Mon Jun 09 20:49:46 GMT 2025","passed","Mon Jun 09 20:49:46 GMT 2025","","test_activity_item_create","",""
"","2","test_event_request_periodicity_not_always_no_required_fields[event_weekdays_data-end_time]","src.apps.schedule.tests.unit.domain","Mon Jun 09 20:51:46 GMT 2025","passed","Mon Jun 09 20:51:46 GMT 2025","","test_schedule_request_data","",""
"","1","test_create_item_single_select_row_row_with_image","src.apps.activities.tests.unit.domain","Mon Jun 09 20:49:46 GMT 2025","passed","Mon Jun 09 20:49:46 GMT 2025","","test_activity_item_create","",""
"","1","test_filter_events__cross_day__start_weekday_and_end_weekday_are_the_same[date6-1]","src.apps.applets.tests.unit","Mon Jun 09 20:51:02 GMT 2025","passed","Mon Jun 09 20:51:02 GMT 2025","TestEventsPeriodicityWeekly","test_filter_schedule_events","",""
"","46","test_invite_new_user[reviewer-en]","src.apps.invitations","Mon Jun 09 20:51:23 GMT 2025","passed","Mon Jun 09 20:51:23 GMT 2025","TestInvite","test_invite","",""
"","77","test_creating_activity_items_without_option_value[multi_select_row_item_create]","src.apps.applets.tests","Mon Jun 09 20:50:51 GMT 2025","passed","Mon Jun 09 20:50:51 GMT 2025","TestActivityItems","test_applet_activity_items","",""
"","0","test_filter_events__cross_day[date4-1]","src.apps.applets.tests.unit","Mon Jun 09 20:51:02 GMT 2025","passed","Mon Jun 09 20:51:02 GMT 2025","TestEventsPeriodicityMontly","test_filter_schedule_events","",""
"","1","test_filter_events[date6-0]","src.apps.applets.tests.unit","Mon Jun 09 20:51:02 GMT 2025","passed","Mon Jun 09 20:51:02 GMT 2025","TestEventsPeriodicityWeekdays","test_filter_schedule_events","",""
"","46","test_create_applet__activity_with_subscale_settings_with_invalid_subscale_lookup_table_age","src.apps.applets.tests","Mon Jun 09 20:50:52 GMT 2025","passed","Mon Jun 09 20:50:52 GMT 2025","TestActivityItems","test_applet_activity_items","",""
"","109","test_create_applet_with_phrasal_template[phrasal_template_with_text_create]","src.apps.applets.tests","Mon Jun 09 20:50:48 GMT 2025","passed","Mon Jun 09 20:50:48 GMT 2025","TestActivityItems","test_applet_activity_items","",""
"","22","test_get_flow_identifiers_incomplete_submission","src.apps.answers.tests","Mon Jun 09 20:50:02 GMT 2025","passed","Mon Jun 09 20:50:02 GMT 2025","TestAnswerActivityItems","test_answers","",""
"","1","test_filter_events__start_date_is_last_day_of_month[date3-0]","src.apps.applets.tests.unit","Mon Jun 09 20:51:02 GMT 2025","passed","Mon Jun 09 20:51:02 GMT 2025","TestEventsPeriodicityMontly","test_filter_schedule_events","",""
"","31","test_get_subject_expired_temp_related_participant","src.apps.subjects.tests","Mon Jun 09 20:51:48 GMT 2025","passed","Mon Jun 09 20:51:48 GMT 2025","TestSubjects","tests","",""
"","2","test_event_request_with_reminder_notification__at_time_not_in_between_start_time_and_end_time[event_monthly_data-out_of_range_time9]","src.apps.schedule.tests.unit.domain","Mon Jun 09 20:51:46 GMT 2025","passed","Mon Jun 09 20:51:46 GMT 2025","","test_schedule_request_data","",""
"","2","test_multi_select_logic","src.apps.activities.tests.unit.domain","Mon Jun 09 20:49:46 GMT 2025","passed","Mon Jun 09 20:49:46 GMT 2025","","test_activity_item_create","",""
"","46","test_get_flow_submissions_filters[1-query_params5-1]","src.apps.answers.tests","Mon Jun 09 20:50:12 GMT 2025","passed","Mon Jun 09 20:50:12 GMT 2025","TestAnswerActivityItems","test_answers","",""
"","50","test_library_list_data_integrity","src.apps.library","Mon Jun 09 20:51:31 GMT 2025","passed","Mon Jun 09 20:51:31 GMT 2025","TestLibrary","tests","",""
"","5","test_seed_applet_no_activities","src.apps.applets.tests","Mon Jun 09 20:50:59 GMT 2025","passed","Mon Jun 09 20:50:59 GMT 2025","TestAppletSeedV1","test_applet_seed","",""
"","6","test_update_last_seet_at","src.apps.users.tests.unit","Mon Jun 09 20:52:04 GMT 2025","passed","Mon Jun 09 20:52:04 GMT 2025","","test_user_crud","",""
"","1","test_get_current_user_for_ws__internal_error","src.apps.authentication.tests.unit","Mon Jun 09 20:51:05 GMT 2025","passed","Mon Jun 09 20:51:05 GMT 2025","","test_auth_deps","",""
"","11","test_public_schedule_get_all","src.apps.schedule.tests","Mon Jun 09 20:51:35 GMT 2025","passed","Mon Jun 09 20:51:35 GMT 2025","TestSchedule","test_schedule","",""
"","13","test_assigned_activities_invalid_subject[respondent]","src.apps.activities.tests","Mon Jun 09 20:49:42 GMT 2025","passed","Mon Jun 09 20:49:42 GMT 2025","TestActivities","test_activities","",""
"","2","test_event_request_with_fixed_notification__at_time_not_in_between_start_time_and_end_time[event_monthly_data-out_of_range_time8]","src.apps.schedule.tests.unit.domain","Mon Jun 09 20:51:46 GMT 2025","passed","Mon Jun 09 20:51:46 GMT 2025","","test_schedule_request_data","",""
"","4","test_delete_user__soft_delete","src.apps.users.tests.unit","Mon Jun 09 20:52:03 GMT 2025","passed","Mon Jun 09 20:52:03 GMT 2025","","test_user_crud","",""
"","1","test_field_changed[order-2-Item Order was changed to 2]","src.apps.activities.tests.unit","Mon Jun 09 20:49:47 GMT 2025","passed","Mon Jun 09 20:49:47 GMT 2025","","test_activity_item_change","",""
"","1","test_filter_events__cross_day[date5-0]","src.apps.applets.tests.unit","Mon Jun 09 20:51:02 GMT 2025","passed","Mon Jun 09 20:51:02 GMT 2025","TestEventsPeriodicityMontly","test_filter_schedule_events","",""
"","1","test_filter_events[date3-0]","src.apps.applets.tests.unit","Mon Jun 09 20:51:02 GMT 2025","passed","Mon Jun 09 20:51:02 GMT 2025","TestEventsPeriodicityWeekly","test_filter_schedule_events","",""
"","1","test_duplicated_name_for_subscale_settings_is_not_allowed","src.apps.activities.tests.unit.domain","Mon Jun 09 20:49:46 GMT 2025","passed","Mon Jun 09 20:49:46 GMT 2025","","test_scores_reports","",""
"","33","test_create_temporary_multiinformant_relation","src.apps.subjects.tests","Mon Jun 09 20:51:46 GMT 2025","passed","Mon Jun 09 20:51:46 GMT 2025","TestSubjects","tests","",""
"","81","test_answer_get_export_data__answer_from_respondent","src.apps.answers.tests","Mon Jun 09 20:49:58 GMT 2025","passed","Mon Jun 09 20:49:58 GMT 2025","TestAnswerActivityItems","test_answers","",""
"","0","test_conditional_logic_removed","src.apps.activities.tests.unit","Mon Jun 09 20:49:46 GMT 2025","passed","Mon Jun 09 20:49:46 GMT 2025","","test_activity_item_change","",""
"","39","test_get_token_error_getting_code","src.apps.integrations.oneup_health.tests","Mon Jun 09 20:51:15 GMT 2025","passed","Mon Jun 09 20:51:15 GMT 2025","TestOneupHealth","test_oneup_health","",""
"","29","test_get_my_subject","src.apps.subjects.tests","Mon Jun 09 20:51:48 GMT 2025","passed","Mon Jun 09 20:51:48 GMT 2025","TestSubjects","tests","",""
"","12","test_wrong_applet_access_link_get","src.apps.applets.tests","Mon Jun 09 20:50:54 GMT 2025","passed","Mon Jun 09 20:50:54 GMT 2025","TestLink","test_applet_link","",""
"","13","test_update_report_config_for_activity_flow__activity_from_another_applet","src.apps.applets.tests","Mon Jun 09 20:50:41 GMT 2025","passed","Mon Jun 09 20:50:41 GMT 2025","TestApplet","test_applet","",""
"","1","test_event_cross_day_with_random_notification__to_time_not_in_between_start_time_and_end_time[event_weekly_data-not_valid_to2]","src.apps.schedule.tests.unit.domain","Mon Jun 09 20:51:46 GMT 2025","passed","Mon Jun 09 20:51:46 GMT 2025","","test_schedule_request_data","",""
"","27","test_summary_activity_order_with_deleted","src.apps.answers.tests","Mon Jun 09 20:50:16 GMT 2025","passed","Mon Jun 09 20:50:16 GMT 2025","TestAnswerActivityItems","test_answers","",""
"","28","test_schedule_get_all_by_respondent_user__store_device_properties_device_id_only","src.apps.schedule.tests","Mon Jun 09 20:51:37 GMT 2025","passed","Mon Jun 09 20:51:37 GMT 2025","TestSchedule","test_schedule","",""
"","1","test_event_cross_day_with_reminder_notification__at_time_not_in_between_start_time_and_end_time[event_weekly_data-out_of_range_time2]","src.apps.schedule.tests.unit.domain","Mon Jun 09 20:51:46 GMT 2025","passed","Mon Jun 09 20:51:46 GMT 2025","","test_schedule_request_data","",""
"","34","test_get_flow_submissions_filters_no_data[query_params2]","src.apps.answers.tests","Mon Jun 09 20:50:11 GMT 2025","passed","Mon Jun 09 20:50:11 GMT 2025","TestAnswerActivityItems","test_answers","",""
"","0","test_filter_events__cross_day_event__start_date_and_and_date_is_last_day_of_month[date4-1]","src.apps.applets.tests.unit","Mon Jun 09 20:51:02 GMT 2025","passed","Mon Jun 09 20:51:02 GMT 2025","TestEventsPeriodicityMontly","test_filter_schedule_events","",""
"","50","test_remove_relation[None-None-200]","src.apps.subjects.tests","Mon Jun 09 20:51:47 GMT 2025","passed","Mon Jun 09 20:51:47 GMT 2025","TestSubjects","tests","",""
"","4","test_get_user_by_email__user_does_not_exists","src.apps.users.tests.unit","Mon Jun 09 20:52:03 GMT 2025","passed","Mon Jun 09 20:52:03 GMT 2025","","test_user_crud","",""
"","0","test_not_float_value_error","src.apps.activities.tests.unit.domain","Mon Jun 09 20:49:46 GMT 2025","passed","Mon Jun 09 20:49:46 GMT 2025","TestValidateScoreSubscaleTable","test_custom_validation_subscale","",""
"","2","test_single_multi_select_item_row_without_datamatrix[single_select_row_item_create]","src.apps.activities.tests.unit.domain","Mon Jun 09 20:49:46 GMT 2025","passed","Mon Jun 09 20:49:46 GMT 2025","","test_activity_item_create","",""
"","2","test_event_request_with_random_notification__from_time_not_in_between_start_time_and_end_time[event_weekdays_data-not_valid_from7]","src.apps.schedule.tests.unit.domain","Mon Jun 09 20:51:46 GMT 2025","passed","Mon Jun 09 20:51:46 GMT 2025","","test_schedule_request_data","",""
"","2","test_get_applets_by_display_name","src.apps.applets.tests.unit","Mon Jun 09 20:51:00 GMT 2025","passed","Mon Jun 09 20:51:00 GMT 2025","","test_applet_crud","",""
"","20","test_generate_upload_url__webm_to_mp3_mp4_not_valid_extension[mp2]","src.apps.file","Mon Jun 09 20:51:10 GMT 2025","passed","Mon Jun 09 20:51:10 GMT 2025","TestAnswerActivityItems","test_file","",""
"","99","test_create_applet_with_each_activity_item[paragraph_text_item_create]","src.apps.applets.tests","Mon Jun 09 20:50:47 GMT 2025","passed","Mon Jun 09 20:50:47 GMT 2025","TestActivityItems","test_applet_activity_items","",""
"","7","test_get_current_user_for_ws","src.apps.authentication.tests.unit","Mon Jun 09 20:51:05 GMT 2025","passed","Mon Jun 09 20:51:05 GMT 2025","","test_auth_deps","",""
"","51","test_invite_existing_user[admin-respondent-200-el]","src.apps.invitations","Mon Jun 09 20:51:20 GMT 2025","passed","Mon Jun 09 20:51:20 GMT 2025","TestInvite","test_invite","",""
"","86","test_activities_applet_has_submitted","src.apps.activities.tests","Mon Jun 09 20:49:40 GMT 2025","passed","Mon Jun 09 20:49:40 GMT 2025","TestActivities","test_activities","",""
"","8","test_get_users_by_ids","src.apps.users.tests.unit","Mon Jun 09 20:52:04 GMT 2025","passed","Mon Jun 09 20:52:04 GMT 2025","","test_user_crud","",""
"","28","test_update_subject[0]","src.apps.subjects.tests","Mon Jun 09 20:51:47 GMT 2025","passed","Mon Jun 09 20:51:47 GMT 2025","TestSubjects","tests","",""
"","19","test_generate_upload_url__webm_to_mp3_mp4[test.webm-.mp4-test.webm.mp4]","src.apps.file","Mon Jun 09 20:51:10 GMT 2025","passed","Mon Jun 09 20:51:10 GMT 2025","TestAnswerActivityItems","test_file","",""
"","22","test_accept_wrong_transfer","src.apps.transfer_ownership","Mon Jun 09 20:51:52 GMT 2025","passed","Mon Jun 09 20:51:52 GMT 2025","TestTransfer","tests","",""
"","37","test_get_token_error_creating_user","src.apps.integrations.oneup_health.tests","Mon Jun 09 20:51:15 GMT 2025","passed","Mon Jun 09 20:51:15 GMT 2025","TestOneupHealth","test_oneup_health","",""
"","11","test_get_managers_priority_roles_not_valid_uuid","src.apps.workspaces.tests","Mon Jun 09 20:52:12 GMT 2025","passed","Mon Jun 09 20:52:12 GMT 2025","TestWorkspaces","test_workspaces","",""
"","28","test_create_log_allow_empty_array_if_prev_is_none[notificationInQueue-payloads1]","src.apps.logs","Mon Jun 09 20:51:33 GMT 2025","passed","Mon Jun 09 20:51:33 GMT 2025","TestNotificationLogs","tests","",""
"","3809","test_seed_applet_successfully","src.apps.applets.tests","Mon Jun 09 20:50:54 GMT 2025","passed","Mon Jun 09 20:50:58 GMT 2025","TestAppletSeedV1","test_applet_seed","",""
"","2","test_get_local_tz[headers1-None]","src.infrastructure.tests.unit.http","Mon Jun 09 20:52:13 GMT 2025","passed","Mon Jun 09 20:52:13 GMT 2025","","test_deps","",""
"","0","test_filter_events__cross_day__start_weekday_and_end_weekday_are_the_same[date4-1]","src.apps.applets.tests.unit","Mon Jun 09 20:51:02 GMT 2025","passed","Mon Jun 09 20:51:02 GMT 2025","TestEventsPeriodicityWeekly","test_filter_schedule_events","",""
"","85","test_create_applet__activity_with_subscale_settings_and_lookup_table_and_score_report_lookup_scoring","src.apps.applets.tests","Mon Jun 09 20:50:52 GMT 2025","passed","Mon Jun 09 20:50:52 GMT 2025","TestActivityItems","test_applet_activity_items","",""
"","1","test_arbitrary_workspace_aws_required_fields[storage_region]","src.apps.workspaces.tests.unit.domain","Mon Jun 09 20:52:13 GMT 2025","passed","Mon Jun 09 20:52:13 GMT 2025","","test_workspace_arbitrary","",""
"","29","test_invitation_accept_and_absorb_roles","src.apps.invitations","Mon Jun 09 20:51:24 GMT 2025","passed","Mon Jun 09 20:51:24 GMT 2025","TestInvite","test_invite","",""
"","50","test_store_client_meta","src.apps.answers.tests","Mon Jun 09 20:50:03 GMT 2025","passed","Mon Jun 09 20:50:04 GMT 2025","TestAnswerActivityItems","test_answers","",""
"","21","test_answer_upload__not_valid_user_role","src.apps.file","Mon Jun 09 20:51:11 GMT 2025","passed","Mon Jun 09 20:51:11 GMT 2025","TestAnswerActivityItems","test_file","",""
"","2","test_event_request_with_random_notification__from_time_not_in_between_start_time_and_end_time[event_once_data-not_valid_from3]","src.apps.schedule.tests.unit.domain","Mon Jun 09 20:51:46 GMT 2025","passed","Mon Jun 09 20:51:46 GMT 2025","","test_schedule_request_data","",""
"","0","test_number_selection_response_values_min_value_greater_than_max_value","src.apps.activities.tests.unit.domain","Mon Jun 09 20:49:46 GMT 2025","passed","Mon Jun 09 20:49:46 GMT 2025","","test_activity_item_create","",""
"","44","test_answer_activity_with_ehr_ingestion","src.apps.answers.tests","Mon Jun 09 20:49:55 GMT 2025","passed","Mon Jun 09 20:49:55 GMT 2025","TestAnswerActivityItems","test_answers","",""
"","32","test_activity_answers_by_identifier","src.apps.answers.tests","Mon Jun 09 20:50:04 GMT 2025","passed","Mon Jun 09 20:50:04 GMT 2025","TestAnswerActivityItems","test_answers","",""
"","94","test_create_applet__initial_version_is_created_in_applet_history","src.apps.applets.tests","Mon Jun 09 20:50:38 GMT 2025","passed","Mon Jun 09 20:50:38 GMT 2025","TestApplet","test_applet","",""
"","11","test_update_applet__flow_key_is_not_valid","src.apps.applets.tests","Mon Jun 09 20:50:42 GMT 2025","passed","Mon Jun 09 20:50:42 GMT 2025","TestApplet","test_applet","",""
"","1","test_get_tz_utc_offset[wrong-timezone-None]","src.infrastructure.tests.unit.http","Mon Jun 09 20:52:13 GMT 2025","passed","Mon Jun 09 20:52:13 GMT 2025","","test_deps","",""
"","37","test_token_expired_error","src.apps.integrations.oneup_health.tests","Mon Jun 09 20:51:15 GMT 2025","passed","Mon Jun 09 20:51:15 GMT 2025","TestOneupHealth","test_oneup_health","",""
"","32","test_delete_theme","src.apps.themes","Mon Jun 09 20:51:51 GMT 2025","passed","Mon Jun 09 20:51:52 GMT 2025","TestThemes","tests","",""
"","1","test_slider_rows_values_update","src.apps.activities.tests.unit","Mon Jun 09 20:49:46 GMT 2025","passed","Mon Jun 09 20:49:46 GMT 2025","","test_activity_item_change","",""
"","19","test_check_log_exists","src.apps.file","Mon Jun 09 20:51:12 GMT 2025","passed","Mon Jun 09 20:51:12 GMT 2025","TestAnswerActivityItems","test_file","",""
"","73","test_answer_activity_items_create_expired_temporary_relation_with_assignment_success","src.apps.answers.tests","Mon Jun 09 20:49:58 GMT 2025","passed","Mon Jun 09 20:49:58 GMT 2025","TestAnswerActivityItems","test_answers","",""
"","3","test_get_users_by_ids__no_user_with_id","src.apps.users.tests.unit","Mon Jun 09 20:52:04 GMT 2025","passed","Mon Jun 09 20:52:04 GMT 2025","","test_user_crud","",""
"","0","test_field_changed[name-new name-Item Name was changed to newname]","src.apps.activities.tests.unit","Mon Jun 09 20:49:47 GMT 2025","passed","Mon Jun 09 20:49:47 GMT 2025","","test_activity_item_change","",""
"","1","test_event_request_periodicity_not_always_no_required_fields[event_monthly_data-access_before_schedule]","src.apps.schedule.tests.unit.domain","Mon Jun 09 20:51:46 GMT 2025","passed","Mon Jun 09 20:51:46 GMT 2025","","test_schedule_request_data","",""
"","13","test_check_existance_answer_exists","src.apps.answers.tests","Mon Jun 09 20:50:33 GMT 2025","passed","Mon Jun 09 20:50:33 GMT 2025","TestAnswerActivityItems","test_answers_arbitrary","",""
"","20","test_applet_assessment_create_for_submission","src.apps.answers.tests","Mon Jun 09 20:50:34 GMT 2025","passed","Mon Jun 09 20:50:34 GMT 2025","TestAnswerActivityItems","test_answers_arbitrary","",""
"","1","test_ml_loris_user_relationship_model","src.apps.integrations.loris.tests","Mon Jun 09 20:51:14 GMT 2025","passed","Mon Jun 09 20:51:14 GMT 2025","","test_domain","",""
"","25","test_get_applet_changes__version_is_not_valid[None]","src.apps.applets.tests","Mon Jun 09 20:50:44 GMT 2025","passed","Mon Jun 09 20:50:44 GMT 2025","TestApplet","test_applet","",""
"","27","test_get_applet_changes__one_applet_version","src.apps.applets.tests","Mon Jun 09 20:50:44 GMT 2025","passed","Mon Jun 09 20:50:44 GMT 2025","TestApplet","test_applet","",""
"","31","test_applet_ehr_data_endpoint_filtering_by_flow","src.apps.answers.tests","Mon Jun 09 20:50:25 GMT 2025","passed","Mon Jun 09 20:50:25 GMT 2025","TestAnswerActivityItems","test_answers","",""
"","29","test_accept_transfer_if_subject_already_exists","src.apps.transfer_ownership","Mon Jun 09 20:51:52 GMT 2025","passed","Mon Jun 09 20:51:52 GMT 2025","TestTransfer","tests","",""
"","56","test_invite_existing_user[manager-respondent-200-en]","src.apps.invitations","Mon Jun 09 20:51:21 GMT 2025","passed","Mon Jun 09 20:51:21 GMT 2025","TestInvite","test_invite","",""
"","18","test_validate_multiinformant_assessment_success_no_params","src.apps.answers.tests","Mon Jun 09 20:50:22 GMT 2025","passed","Mon Jun 09 20:50:22 GMT 2025","TestAnswerActivityItems","test_answers","",""
"","1","test_incorrect_conditional_index","src.apps.activities.tests.unit.domain","Mon Jun 09 20:49:46 GMT 2025","passed","Mon Jun 09 20:49:46 GMT 2025","TestValidateItemFlow","test_custom_validation","",""
"","1","test_filter_events[date3-1]","src.apps.applets.tests.unit","Mon Jun 09 20:51:02 GMT 2025","passed","Mon Jun 09 20:51:02 GMT 2025","TestEventsPeriodicityDaily","test_filter_schedule_events","",""
"","39","test_invite_new_user[coordinator-en]","src.apps.invitations","Mon Jun 09 20:51:23 GMT 2025","passed","Mon Jun 09 20:51:23 GMT 2025","TestInvite","test_invite","",""
"","1","test_filter_events__cross_day__start_weekday_and_end_weekday_are_not_the_same[date1-1]","src.apps.applets.tests.unit","Mon Jun 09 20:51:02 GMT 2025","passed","Mon Jun 09 20:51:02 GMT 2025","TestEventsPeriodicityWeekly","test_filter_schedule_events","",""
"","16","test_themes_list","src.apps.themes","Mon Jun 09 20:51:52 GMT 2025","passed","Mon Jun 09 20:51:52 GMT 2025","TestThemes","tests","",""
"","1","test_get_changes_is_initial_applet_only_with_name","src.apps.applets.tests.unit","Mon Jun 09 20:51:00 GMT 2025","passed","Mon Jun 09 20:51:00 GMT 2025","","test_applet_changes","",""
"","16","test_applets_completions","src.apps.answers.tests","Mon Jun 09 20:50:04 GMT 2025","passed","Mon Jun 09 20:50:04 GMT 2025","TestAnswerActivityItems","test_answers","",""
"","1","test_items_score_items_print_not_in_item_names","src.apps.activities.tests.unit.domain","Mon Jun 09 20:49:46 GMT 2025","passed","Mon Jun 09 20:49:46 GMT 2025","TestValidateScoreAndSections","test_custom_validation","",""
"","21","test_retrieve_item_choice","src.apps.activities.tests","Mon Jun 09 20:49:46 GMT 2025","passed","Mon Jun 09 20:49:46 GMT 2025","TestReusableItem","test_reusable_items","",""
"","5","test_openapi_auth__user_not_found","src.apps.authentication.tests.unit","Mon Jun 09 20:51:06 GMT 2025","passed","Mon Jun 09 20:51:06 GMT 2025","","test_auth_deps","",""
"","16","test_applet_assessment_delete_for_submission","src.apps.answers.tests","Mon Jun 09 20:50:35 GMT 2025","passed","Mon Jun 09 20:50:35 GMT 2025","TestAnswerActivityItems","test_answers_arbitrary","",""
"","1","test_event_request_with_reminder_notification__at_time_not_in_between_start_time_and_end_time[event_monthly_data-out_of_range_time8]","src.apps.schedule.tests.unit.domain","Mon Jun 09 20:51:46 GMT 2025","passed","Mon Jun 09 20:51:46 GMT 2025","","test_schedule_request_data","",""
"","56","test_get_workspace_applet_respondents_as_coordinator","src.apps.workspaces.tests","Mon Jun 09 20:52:10 GMT 2025","passed","Mon Jun 09 20:52:10 GMT 2025","TestWorkspaces","test_workspaces","",""
"","1","test_incorrect_score_item_type","src.apps.activities.tests.unit.domain","Mon Jun 09 20:49:46 GMT 2025","passed","Mon Jun 09 20:49:46 GMT 2025","TestValidateScoreAndSections","test_custom_validation","",""
"","1","test_filter_events__start_date_is_last_day_of_month[date1-1]","src.apps.applets.tests.unit","Mon Jun 09 20:51:02 GMT 2025","passed","Mon Jun 09 20:51:02 GMT 2025","TestEventsPeriodicityMontly","test_filter_schedule_events","",""
"","1","test_compare_two_applets","src.apps.applets.tests.unit","Mon Jun 09 20:51:00 GMT 2025","passed","Mon Jun 09 20:51:00 GMT 2025","","test_applet_changes","",""
"","37","test_library_share","src.apps.library","Mon Jun 09 20:51:30 GMT 2025","passed","Mon Jun 09 20:51:30 GMT 2025","TestLibrary","tests","",""
"","1","test_initial_version_changes","src.apps.activities.tests.unit","Mon Jun 09 20:49:47 GMT 2025","passed","Mon Jun 09 20:49:47 GMT 2025","","test_activity_item_change","",""
"","51","test_reassign_creation","src.apps.activity_assignments.tests","Mon Jun 09 20:49:49 GMT 2025","passed","Mon Jun 09 20:49:49 GMT 2025","TestActivityAssignments","test_assignments","",""
"","12","test_update_password__password_contains_whitespaces","src.apps.users.tests","Mon Jun 09 20:51:57 GMT 2025","passed","Mon Jun 09 20:51:57 GMT 2025","TestPassword","test_password","",""
"","15","test_get_my_subject_invalid_applet_id","src.apps.subjects.tests","Mon Jun 09 20:51:48 GMT 2025","passed","Mon Jun 09 20:51:48 GMT 2025","TestSubjects","tests","",""
"","109","test_create_applet_with_phrasal_template[phrasal_template_with_paragraph_create]","src.apps.applets.tests","Mon Jun 09 20:50:48 GMT 2025","passed","Mon Jun 09 20:50:48 GMT 2025","TestActivityItems","test_applet_activity_items","",""
"","1","test_event_cross_day_with_fixed_notification__at_time_not_in_between_start_time_and_end_time[event_daily_data-out_of_range_time0]","src.apps.schedule.tests.unit.domain","Mon Jun 09 20:51:46 GMT 2025","passed","Mon Jun 09 20:51:46 GMT 2025","","test_schedule_request_data","",""
"","16","test_get_target_subjects_by_respondent_reviewer_without_assignment","src.apps.subjects.tests","Mon Jun 09 20:51:49 GMT 2025","passed","Mon Jun 09 20:51:49 GMT 2025","TestSubjects","tests","",""
"","26","test_validat_multiinformant_assessment_fail_not_manager","src.apps.answers.tests","Mon Jun 09 20:50:22 GMT 2025","passed","Mon Jun 09 20:50:22 GMT 2025","TestAnswerActivityItems","test_answers","",""
"","25","test_summary_restricted_for_reviewer_if_external_respondent","src.apps.answers.tests","Mon Jun 09 20:50:04 GMT 2025","passed","Mon Jun 09 20:50:04 GMT 2025","TestAnswerActivityItems","test_answers","",""
"","13","test_creating_applet_failed_by_duplicate_activity_item_name","src.apps.applets.tests","Mon Jun 09 20:50:35 GMT 2025","passed","Mon Jun 09 20:50:35 GMT 2025","TestApplet","test_applet","",""
"","6","test_authenticate_user__is_deleted","src.apps.authentication.tests.unit","Mon Jun 09 20:51:08 GMT 2025","passed","Mon Jun 09 20:51:08 GMT 2025","TestAuthService","test_auth_service","",""
"","15","test_get_invitation_by_key_invitation_does_not_exist","src.apps.invitations","Mon Jun 09 20:51:26 GMT 2025","passed","Mon Jun 09 20:51:26 GMT 2025","TestInvite","test_invite","",""
"","10","test_get_applets_by_link[applet_with_link-False-None]","src.apps.applets.tests.unit","Mon Jun 09 20:51:00 GMT 2025","passed","Mon Jun 09 20:51:00 GMT 2025","","test_applet_crud","",""
"","28","test_subject_assigned_activities_invalid_subject","src.apps.activities.tests","Mon Jun 09 20:49:40 GMT 2025","passed","Mon Jun 09 20:49:40 GMT 2025","TestActivities","test_activities","",""
"","4","test_update_user_by_id","src.apps.users.tests.unit","Mon Jun 09 20:52:03 GMT 2025","passed","Mon Jun 09 20:52:03 GMT 2025","","test_user_crud","",""
"","0","test_create_item__not_valid_config_missing_add_scores_and_set_alerts[set_alerts]","src.apps.activities.tests.unit.domain","Mon Jun 09 20:49:46 GMT 2025","passed","Mon Jun 09 20:49:46 GMT 2025","","test_activity_item_create","",""
"","17","test_get_applet_changes__version_is_not_valid[00]","src.apps.applets.tests","Mon Jun 09 20:50:44 GMT 2025","passed","Mon Jun 09 20:50:44 GMT 2025","TestApplet","test_applet","",""
"","47","test_invite_existing_user[manager-editor-200-fr]","src.apps.invitations","Mon Jun 09 20:51:20 GMT 2025","passed","Mon Jun 09 20:51:20 GMT 2025","TestInvite","test_invite","",""
"","16","test_applet_completions","src.apps.answers.tests","Mon Jun 09 20:50:04 GMT 2025","passed","Mon Jun 09 20:50:04 GMT 2025","TestAnswerActivityItems","test_answers","",""
"","1","test_event_cross_day_with_random_notification__from_time_not_in_between_start_time_and_end_time[event_once_data-not_valid_from1]","src.apps.schedule.tests.unit.domain","Mon Jun 09 20:51:46 GMT 2025","passed","Mon Jun 09 20:51:46 GMT 2025","","test_schedule_request_data","",""
"","2","test_remove_user_device","src.apps.users.tests.unit","Mon Jun 09 20:52:04 GMT 2025","passed","Mon Jun 09 20:52:04 GMT 2025","","test_user_devices_service","",""
"","1","test_filter_events__cross_day_event__start_date_and_end_date_not_the_same_month_day","src.apps.applets.tests.unit","Mon Jun 09 20:51:02 GMT 2025","passed","Mon Jun 09 20:51:02 GMT 2025","TestEventsPeriodicityMontly","test_filter_schedule_events","",""
"","36","test_error_try_delete_subject_by_not_owner[bob-200]","src.apps.subjects.tests","Mon Jun 09 20:51:48 GMT 2025","passed","Mon Jun 09 20:51:48 GMT 2025","TestSubjects","tests","",""
"","13","test_get_flow_versions","src.apps.answers.tests","Mon Jun 09 20:50:03 GMT 2025","passed","Mon Jun 09 20:50:03 GMT 2025","TestAnswerActivityItems","test_answers","",""
"","47","test_invite_existing_user[manager-reviewer-200-el]","src.apps.invitations","Mon Jun 09 20:51:21 GMT 2025","passed","Mon Jun 09 20:51:21 GMT 2025","TestInvite","test_invite","",""
"","17","test_check_existence_answer_does_not_exist__not_answer_applet","src.apps.answers.tests","Mon Jun 09 20:50:05 GMT 2025","passed","Mon Jun 09 20:50:05 GMT 2025","TestAnswerActivityItems","test_answers","",""
"","15","test_invitation_accept_invitation_does_not_exists","src.apps.invitations","Mon Jun 09 20:51:24 GMT 2025","passed","Mon Jun 09 20:51:24 GMT 2025","TestInvite","test_invite","",""
"","17","test_review_delete[tom-204]","src.apps.answers.tests","Mon Jun 09 20:50:05 GMT 2025","passed","Mon Jun 09 20:50:05 GMT 2025","TestAnswerActivityItems","test_answers","",""
"","27","test_summary_for_activity_flow_without_answer","src.apps.answers.tests","Mon Jun 09 20:50:09 GMT 2025","passed","Mon Jun 09 20:50:09 GMT 2025","TestAnswerActivityItems","test_answers","",""
"","5","test_get_applet_base_info_by_key__link_does_not_exist","src.apps.applets.tests","Mon Jun 09 20:50:44 GMT 2025","passed","Mon Jun 09 20:50:44 GMT 2025","TestApplet","test_applet","",""
"","0","test_create_message_item__sanitize_question","src.apps.activities.tests.unit.domain","Mon Jun 09 20:49:46 GMT 2025","passed","Mon Jun 09 20:49:46 GMT 2025","","test_activity_item_create","",""
"","28","test_schedule_update","src.apps.schedule.tests","Mon Jun 09 20:51:36 GMT 2025","passed","Mon Jun 09 20:51:36 GMT 2025","TestSchedule","test_schedule","",""
"","23","test_init_transfer__user_to_exists","src.apps.transfer_ownership","Mon Jun 09 20:51:53 GMT 2025","passed","Mon Jun 09 20:51:53 GMT 2025","TestTransfer","tests","",""
"","19","test_invite_existing_user[editor-respondent-403-el]","src.apps.invitations","Mon Jun 09 20:51:23 GMT 2025","passed","Mon Jun 09 20:51:23 GMT 2025","TestInvite","test_invite","",""
"","40","test_accept_transfer","src.apps.transfer_ownership","Mon Jun 09 20:51:52 GMT 2025","passed","Mon Jun 09 20:51:52 GMT 2025","TestTransfer","tests","",""
"","14","test_applet_completions","src.apps.answers.tests","Mon Jun 09 20:50:33 GMT 2025","passed","Mon Jun 09 20:50:33 GMT 2025","TestAnswerActivityItems","test_answers_arbitrary","",""
"","3","test_change_status_with_details[in_progress]","src.apps.job.tests","Mon Jun 09 20:51:29 GMT 2025","passed","Mon Jun 09 20:51:29 GMT 2025","","test_jobs_services","",""
"","72","test_create_flow_answer__wrong_order","src.apps.answers.tests","Mon Jun 09 20:49:54 GMT 2025","passed","Mon Jun 09 20:49:54 GMT 2025","TestAnswerActivityItems","test_answers","",""
"","87","test_same_user_cannot_create_applets_with_same_name","src.apps.applets.tests","Mon Jun 09 20:50:36 GMT 2025","passed","Mon Jun 09 20:50:36 GMT 2025","TestApplet","test_applet","",""
"","1","test_items_score_not_in_item_names","src.apps.activities.tests.unit.domain","Mon Jun 09 20:49:46 GMT 2025","passed","Mon Jun 09 20:49:46 GMT 2025","TestValidateScoreAndSections","test_custom_validation","",""
"","66","test_list_submit_dates","src.apps.answers.tests","Mon Jun 09 20:49:56 GMT 2025","passed","Mon Jun 09 20:49:56 GMT 2025","TestAnswerActivityItems","test_answers","",""
"","1","test_is_last_day_of_month[date4-False]","src.apps.applets.tests.unit","Mon Jun 09 20:51:02 GMT 2025","passed","Mon Jun 09 20:51:02 GMT 2025","","test_filter_schedule_events","",""
"","34","test_unassign_no_effect_with_wrong_flow","src.apps.activity_assignments.tests","Mon Jun 09 20:49:50 GMT 2025","passed","Mon Jun 09 20:49:50 GMT 2025","TestActivityAssignments","test_assignments","",""
"","102","test_create_applet_with_activity_sanitize_strings[message_item_create]","src.apps.applets.tests","Mon Jun 09 20:50:53 GMT 2025","passed","Mon Jun 09 20:50:53 GMT 2025","TestActivityItems","test_applet_activity_items","",""
"","21","test_create_log_use_previous_value_if_attribute_null[description3-queue3-scheduled3]","src.apps.logs","Mon Jun 09 20:51:33 GMT 2025","passed","Mon Jun 09 20:51:33 GMT 2025","TestNotificationLogs","tests","",""
"","17","test_get_applet_changes__version_is_not_valid[abc]","src.apps.applets.tests","Mon Jun 09 20:50:44 GMT 2025","passed","Mon Jun 09 20:50:44 GMT 2025","TestApplet","test_applet","",""
"","455","test_generate_applet","src.apps.test_data","Mon Jun 09 20:51:51 GMT 2025","passed","Mon Jun 09 20:51:51 GMT 2025","TestData","test_data","",""
"","2","test_event_cross_day_with_random_notification__from_time_not_in_between_start_time_and_end_time[event_monthly_data-not_valid_from4]","src.apps.schedule.tests.unit.domain","Mon Jun 09 20:51:46 GMT 2025","passed","Mon Jun 09 20:51:46 GMT 2025","","test_schedule_request_data","",""
"","23","test_create_log_use_previous_value_if_attribute_null[None-queue1-None]","src.apps.logs","Mon Jun 09 20:51:32 GMT 2025","passed","Mon Jun 09 20:51:33 GMT 2025","TestNotificationLogs","tests","",""
"","309","test_delete_applet__firebase_error_muted","src.apps.applets.tests","Mon Jun 09 20:50:41 GMT 2025","passed","Mon Jun 09 20:50:41 GMT 2025","TestApplet","test_applet","",""
"","18","test_editor_remove_respondent_access_error","src.apps.subjects.tests","Mon Jun 09 20:51:49 GMT 2025","passed","Mon Jun 09 20:51:49 GMT 2025","TestSubjects","tests","",""
"","67","test_create_applet__editor_create_applet__stil_editor_in_new_applet","src.apps.applets.tests","Mon Jun 09 20:50:43 GMT 2025","passed","Mon Jun 09 20:50:43 GMT 2025","TestApplet","test_applet","",""
"","32","test_get_subject_related_participant","src.apps.subjects.tests","Mon Jun 09 20:51:48 GMT 2025","passed","Mon Jun 09 20:51:48 GMT 2025","TestSubjects","tests","",""
"","1248","test_reencrypt_answers_not_valid_public_key_answer_not_reencrypted","src.apps.users.tests","Mon Jun 09 20:51:58 GMT 2025","passed","Mon Jun 09 20:51:59 GMT 2025","","test_reencrypt_user_answers","",""
"","1","test_drawing_response_values_image_name_does_not_start_with_http[drawing_example-badextenstion.xxx]","src.apps.activities.tests.unit.domain","Mon Jun 09 20:49:46 GMT 2025","passed","Mon Jun 09 20:49:46 GMT 2025","","test_activity_item_create","",""
"","19","test_upload_logs__arbitrary_logs_are_uploaded_to_the_mindlogger_answer_bucket","src.apps.file","Mon Jun 09 20:51:12 GMT 2025","passed","Mon Jun 09 20:51:12 GMT 2025","TestAnswerActivityItems","test_file","",""
"","0","test_duplicated_name_is_not_allowed[section-DuplicateSectionNameError]","src.apps.activities.tests.unit.domain","Mon Jun 09 20:49:46 GMT 2025","passed","Mon Jun 09 20:49:46 GMT 2025","","test_scores_reports","",""
"","38","test_public_answer_with_zero_start_time_end_time_timestamps","src.apps.answers.tests","Mon Jun 09 20:50:04 GMT 2025","passed","Mon Jun 09 20:50:04 GMT 2025","TestAnswerActivityItems","test_answers","",""
"","0","test_new_activity_subscale_setting_is_none","src.apps.activities.tests.unit","Mon Jun 09 20:49:46 GMT 2025","passed","Mon Jun 09 20:49:46 GMT 2025","","test_activity_change","",""
"","36","test_error_try_delete_subject_by_not_owner[tom-200]","src.apps.subjects.tests","Mon Jun 09 20:51:47 GMT 2025","passed","Mon Jun 09 20:51:47 GMT 2025","TestSubjects","tests","",""
"","14","test_get_all_activity_versions_for_applet","src.apps.answers.tests","Mon Jun 09 20:50:32 GMT 2025","passed","Mon Jun 09 20:50:32 GMT 2025","TestAnswerActivityItems","test_answers_arbitrary","",""
"","29","test_summary_flow_list_order","src.apps.answers.tests","Mon Jun 09 20:50:15 GMT 2025","passed","Mon Jun 09 20:50:15 GMT 2025","TestAnswerActivityItems","test_answers","",""
"","95","test_workspace_respondent_list_for_cross_invited_users","src.apps.workspaces.tests","Mon Jun 09 20:52:12 GMT 2025","passed","Mon Jun 09 20:52:12 GMT 2025","TestWorkspaces","test_workspaces","",""
"","4","test_get_or_create_owned__get_existing_job","src.apps.job.tests","Mon Jun 09 20:51:30 GMT 2025","passed","Mon Jun 09 20:51:30 GMT 2025","","test_jobs_services","",""
"","42","test_get_latest_summary","src.apps.answers.tests","Mon Jun 09 20:49:55 GMT 2025","passed","Mon Jun 09 20:49:55 GMT 2025","TestAnswerActivityItems","test_answers","",""
"","5","test_get_user_by_id","src.apps.users.tests.unit","Mon Jun 09 20:52:05 GMT 2025","passed","Mon Jun 09 20:52:05 GMT 2025","","test_user_service","",""
"","1","test_filter_events[date1]","src.apps.applets.tests.unit","Mon Jun 09 20:51:02 GMT 2025","passed","Mon Jun 09 20:51:02 GMT 2025","TestEventsPeriodicityOnce","test_filter_schedule_events","",""
"","1","test_user_get_full_name","src.apps.users.tests.unit","Mon Jun 09 20:52:05 GMT 2025","passed","Mon Jun 09 20:52:05 GMT 2025","","test_user_domain","",""
"","14","test_user_update","src.apps.users.tests","Mon Jun 09 20:52:03 GMT 2025","passed","Mon Jun 09 20:52:03 GMT 2025","TestUser","test_user","",""
"","61","test_accept_or_decline_already_processed_invitation[decline_url-delete]","src.apps.invitations","Mon Jun 09 20:51:27 GMT 2025","passed","Mon Jun 09 20:51:27 GMT 2025","TestInvite","test_invite","",""
"","0","test_filter_events__cross_day_event[0-1]","src.apps.applets.tests.unit","Mon Jun 09 20:51:02 GMT 2025","passed","Mon Jun 09 20:51:02 GMT 2025","TestEventsPeriodicityOnce","test_filter_schedule_events","",""
"","29","test_get_answer_activity","src.apps.answers.tests","Mon Jun 09 20:49:59 GMT 2025","passed","Mon Jun 09 20:49:59 GMT 2025","TestAnswerActivityItems","test_answers","",""
"","32","test_workspace_applets_list","src.apps.workspaces.tests","Mon Jun 09 20:52:08 GMT 2025","passed","Mon Jun 09 20:52:08 GMT 2025","TestWorkspaces","test_workspaces","",""
"","46","test_answer_with_skipping_all","src.apps.answers.tests","Mon Jun 09 20:50:28 GMT 2025","passed","Mon Jun 09 20:50:28 GMT 2025","TestAnswerActivityItems","test_answers_arbitrary","",""
"","22","test_retrieve_log","src.apps.logs","Mon Jun 09 20:51:32 GMT 2025","passed","Mon Jun 09 20:51:32 GMT 2025","TestNotificationLogs","tests","",""
"","82","test_create_applet_single_multi_select_response_values_value_null_auto_set_value[singleSelect]","src.apps.applets.tests","Mon Jun 09 20:50:51 GMT 2025","passed","Mon Jun 09 20:50:51 GMT 2025","TestActivityItems","test_applet_activity_items","",""
"","1","test_get_changes_is_initial_version[stream_port-8882-Stream Port was set to 8882]","src.apps.applets.tests.unit","Mon Jun 09 20:51:00 GMT 2025","passed","Mon Jun 09 20:51:00 GMT 2025","","test_applet_changes","",""
"","23","test_applet_detail","src.apps.applets.tests","Mon Jun 09 20:50:38 GMT 2025","passed","Mon Jun 09 20:50:38 GMT 2025","TestApplet","test_applet","",""
"","12","test_subject_assigned_activities_editor","src.apps.activities.tests","Mon Jun 09 20:49:40 GMT 2025","passed","Mon Jun 09 20:49:40 GMT 2025","TestActivities","test_activities","",""
"","26","test_error_try_get_subject_by_not_inviter[tom-200]","src.apps.subjects.tests","Mon Jun 09 20:51:49 GMT 2025","passed","Mon Jun 09 20:51:49 GMT 2025","TestSubjects","tests","",""
"","18","test_check_log_exists__unknown_error","src.apps.file","Mon Jun 09 20:51:12 GMT 2025","passed","Mon Jun 09 20:51:12 GMT 2025","TestAnswerActivityItems","test_file","",""
"","14","test_schedule_create_individual_event__respondent_does_not_have_access_to_the_applet","src.apps.schedule.tests","Mon Jun 09 20:51:44 GMT 2025","passed","Mon Jun 09 20:51:44 GMT 2025","TestSchedule","test_schedule","",""
"","1","test_new_activity_version_bool_field_enabled","src.apps.activities.tests.unit","Mon Jun 09 20:49:46 GMT 2025","passed","Mon Jun 09 20:49:46 GMT 2025","","test_activity_change","",""
"","49","test_schedule_get_all_after_creating_new_event__default_event_replaced_with_scheduled_event[activity_flows-flow_id-activity_id]","src.apps.schedule.tests","Mon Jun 09 20:51:34 GMT 2025","passed","Mon Jun 09 20:51:34 GMT 2025","TestSchedule","test_schedule","",""
"","44","test_get_flow_submissions_filters[0-query_params0-1]","src.apps.answers.tests","Mon Jun 09 20:50:11 GMT 2025","passed","Mon Jun 09 20:50:11 GMT 2025","TestAnswerActivityItems","test_answers","",""
"","49","test_library_update","src.apps.library","Mon Jun 09 20:51:30 GMT 2025","passed","Mon Jun 09 20:51:30 GMT 2025","TestLibrary","tests","",""
"","29","test_access_to_activity_list[respondent-403]","src.apps.answers.tests","Mon Jun 09 20:50:13 GMT 2025","passed","Mon Jun 09 20:50:13 GMT 2025","TestAnswerActivityItems","test_answers","",""
"","0","test_get_changes_applet_updated[report_email_body-email body-Email Body was set to email body]","src.apps.applets.tests.unit","Mon Jun 09 20:51:00 GMT 2025","passed","Mon Jun 09 20:51:00 GMT 2025","","test_applet_changes","",""
"","1","test_validate_not_valid_hour_minute[<div style=""background-image: url('javascript:alert('Injected!')')"">-<div></div>]","src.apps.shared.test.unit","Mon Jun 09 20:51:46 GMT 2025","passed","Mon Jun 09 20:51:46 GMT 2025","","test_shared_custom_validation","",""
"","47","test_get_applet_answers_without_assessment","src.apps.answers.tests","Mon Jun 09 20:50:01 GMT 2025","passed","Mon Jun 09 20:50:02 GMT 2025","TestAnswerActivityItems","test_answers","",""
"","55","test_shell_invite_no_language","src.apps.invitations","Mon Jun 09 20:51:27 GMT 2025","passed","Mon Jun 09 20:51:27 GMT 2025","TestInvite","test_invite","",""
"","80","test_create_applet_with_activities_auto_assign","src.apps.applets.tests","Mon Jun 09 20:50:35 GMT 2025","passed","Mon Jun 09 20:50:35 GMT 2025","TestApplet","test_applet","",""
"","1","test_event_cross_day_with_random_notification__to_time_not_in_between_start_time_and_end_time[event_once_data-not_valid_to1]","src.apps.schedule.tests.unit.domain","Mon Jun 09 20:51:46 GMT 2025","passed","Mon Jun 09 20:51:46 GMT 2025","","test_schedule_request_data","",""
"","0","test_get_changes_applet_updated[watermark-watermark-Applet Watermark was set to watermark]","src.apps.applets.tests.unit","Mon Jun 09 20:51:00 GMT 2025","passed","Mon Jun 09 20:51:00 GMT 2025","","test_applet_changes","",""
"","1","test_event_request_with_random_notification__to_time_not_in_between_start_time_and_end_time[event_weekly_data-not_valid_to4]","src.apps.schedule.tests.unit.domain","Mon Jun 09 20:51:46 GMT 2025","passed","Mon Jun 09 20:51:46 GMT 2025","","test_schedule_request_data","",""
"","15","test_user_workspace_list","src.apps.workspaces.tests","Mon Jun 09 20:52:08 GMT 2025","passed","Mon Jun 09 20:52:08 GMT 2025","TestWorkspaces","test_workspaces","",""
"","1","test_validate_not_valid_hour_minute[<p data-line=""0""><code>test</code><br> <strong>test</strong><br> <em>test</em></p>-<p data-line=""0""><code>test</code><br> <strong>test</strong><br> <em>test</em></p>]","src.apps.shared.test.unit","Mon Jun 09 20:51:46 GMT 2025","passed","Mon Jun 09 20:51:46 GMT 2025","","test_shared_custom_validation","",""
"","68","test_list_submit_dates_with_activity_id","src.apps.answers.tests","Mon Jun 09 20:49:56 GMT 2025","passed","Mon Jun 09 20:49:56 GMT 2025","TestAnswerActivityItems","test_answers","",""
"","2","test_get_job_by_name__job_does_not_exist_with_creator_id","src.apps.job.tests","Mon Jun 09 20:51:29 GMT 2025","passed","Mon Jun 09 20:51:29 GMT 2025","","test_jobs_crud","",""
"","15","test_create_applet_in_another_workspace_not_owner_user_is_not_invited","src.apps.applets.tests","Mon Jun 09 20:50:39 GMT 2025","passed","Mon Jun 09 20:50:39 GMT 2025","TestApplet","test_applet","",""
"","2","test_update_job_status","src.apps.job.tests","Mon Jun 09 20:51:29 GMT 2025","passed","Mon Jun 09 20:51:29 GMT 2025","","test_jobs_crud","",""
"","20","test_generate_presigned_media_for_webm_file__conveted_in_url__upload_url_has_operations_bucket[test.WEBM]","src.apps.file","Mon Jun 09 20:51:10 GMT 2025","passed","Mon Jun 09 20:51:10 GMT 2025","TestAnswerActivityItems","test_file","",""
"","277","test_user_create_exist","src.apps.users.tests","Mon Jun 09 20:52:02 GMT 2025","passed","Mon Jun 09 20:52:03 GMT 2025","TestUser","test_user","",""
"","0","test_single_selection_added_new_option","src.apps.activities.tests.unit","Mon Jun 09 20:49:46 GMT 2025","passed","Mon Jun 09 20:49:46 GMT 2025","","test_activity_item_change","",""
"","1","test_get_current_access_token__expired_time_is_less_than_now","src.apps.authentication.tests.unit","Mon Jun 09 20:51:05 GMT 2025","passed","Mon Jun 09 20:51:05 GMT 2025","","test_auth_deps","",""
"","13","test_create_job_with_details","src.apps.job.tests","Mon Jun 09 20:51:29 GMT 2025","passed","Mon Jun 09 20:51:29 GMT 2025","","test_jobs_crud","",""
"","42","test_get_subject_coordinator_and_reviewer","src.apps.subjects.tests","Mon Jun 09 20:51:48 GMT 2025","passed","Mon Jun 09 20:51:49 GMT 2025","TestSubjects","tests","",""
"","42","test_invite_existing_user[admin-coordinator-200-en]","src.apps.invitations","Mon Jun 09 20:51:19 GMT 2025","passed","Mon Jun 09 20:51:19 GMT 2025","TestInvite","test_invite","",""
"","0","test_incorrect_score_item_config","src.apps.activities.tests.unit.domain","Mon Jun 09 20:49:46 GMT 2025","passed","Mon Jun 09 20:49:46 GMT 2025","TestValidateScoreAndSections","test_custom_validation","",""
"","1","test_single_select_rows_new_response_value_was_removed[rows-exp_changes0]","src.apps.activities.tests.unit","Mon Jun 09 20:49:46 GMT 2025","passed","Mon Jun 09 20:49:46 GMT 2025","","test_activity_item_change","",""
"","1","test_notification_random__from_end_time_are_required[to_time]","src.apps.schedule.tests.unit.domain","Mon Jun 09 20:51:46 GMT 2025","passed","Mon Jun 09 20:51:46 GMT 2025","","test_schedule_request_data","",""
"","96","test_creating_applet_with_activity_items_condition","src.apps.applets.tests","Mon Jun 09 20:50:49 GMT 2025","passed","Mon Jun 09 20:50:49 GMT 2025","TestActivityItems","test_applet_activity_items","",""
"","16","test_update_report_config_for_activity_flow__activity_does_not_exists","src.apps.applets.tests","Mon Jun 09 20:50:41 GMT 2025","passed","Mon Jun 09 20:50:41 GMT 2025","TestApplet","test_applet","",""
"","36","test_pin_applet","src.apps.folders","Mon Jun 09 20:51:13 GMT 2025","passed","Mon Jun 09 20:51:13 GMT 2025","TestFolder","test_folder","",""
"","0","test_new_activity_subscale_setting_was_removed","src.apps.activities.tests.unit","Mon Jun 09 20:49:46 GMT 2025","passed","Mon Jun 09 20:49:46 GMT 2025","","test_activity_change","",""
"","4","test_get_user_by_email_or_none","src.apps.users.tests.unit","Mon Jun 09 20:52:04 GMT 2025","passed","Mon Jun 09 20:52:04 GMT 2025","","test_user_crud","",""
"","79","test_create_applet__activity_with_subscale_settings__subscale_type_subscale","src.apps.applets.tests","Mon Jun 09 20:50:52 GMT 2025","passed","Mon Jun 09 20:50:52 GMT 2025","TestActivityItems","test_applet_activity_items","",""
"","1","test_event_request_periodicity_not_always_no_required_fields[event_daily_data-end_time]","src.apps.schedule.tests.unit.domain","Mon Jun 09 20:51:45 GMT 2025","passed","Mon Jun 09 20:51:45 GMT 2025","","test_schedule_request_data","",""
"","1","test_validate_not_valid_hour_minute[<span class=""mspace"">\U0001f9ec Demo</span>-<span class=""mspace"">\U0001f9ec Demo</span>]","src.apps.shared.test.unit","Mon Jun 09 20:51:46 GMT 2025","passed","Mon Jun 09 20:51:46 GMT 2025","","test_shared_custom_validation","",""
"","42","test_update_schedule__add_notification","src.apps.schedule.tests","Mon Jun 09 20:51:44 GMT 2025","passed","Mon Jun 09 20:51:44 GMT 2025","TestSchedule","test_schedule","",""
"","13","test_user_workspace_retrieve_without_access","src.apps.workspaces.tests","Mon Jun 09 20:52:08 GMT 2025","passed","Mon Jun 09 20:52:08 GMT 2025","TestWorkspaces","test_workspaces","",""
"","16","test_download_logs__user_is_not_developer","src.apps.file","Mon Jun 09 20:51:12 GMT 2025","passed","Mon Jun 09 20:51:12 GMT 2025","TestAnswerActivityItems","test_file","",""
"","59","test_assignment_list_by_applet_with_filtering","src.apps.activity_assignments.tests","Mon Jun 09 20:49:49 GMT 2025","passed","Mon Jun 09 20:49:49 GMT 2025","TestActivityAssignments","test_assignments","",""
"","19","test_create_theme","src.apps.themes","Mon Jun 09 20:51:51 GMT 2025","passed","Mon Jun 09 20:51:51 GMT 2025","TestThemes","tests","",""
"","13","test_creating_applet_with_activity_items_condition_not_valid_order_in_conditional_logic","src.apps.applets.tests","Mon Jun 09 20:50:49 GMT 2025","passed","Mon Jun 09 20:50:49 GMT 2025","TestActivityItems","test_applet_activity_items","",""
"","0","test_filter_events[date0]","src.apps.applets.tests.unit","Mon Jun 09 20:51:02 GMT 2025","passed","Mon Jun 09 20:51:02 GMT 2025","TestEventsPeriodicityOnce","test_filter_schedule_events","",""
"","337","test_create_individual_calendar__firebase_error_muted","src.apps.schedule.tests","Mon Jun 09 20:51:42 GMT 2025","passed","Mon Jun 09 20:51:42 GMT 2025","TestSchedule","test_schedule","",""
"","77","test_create_applet__item_single_multi_select_with_color[single_select_item_create]","src.apps.applets.tests","Mon Jun 09 20:50:51 GMT 2025","passed","Mon Jun 09 20:50:51 GMT 2025","TestActivityItems","test_applet_activity_items","",""
"","25","test_review_flows_multiple_answers","src.apps.answers.tests","Mon Jun 09 20:50:08 GMT 2025","passed","Mon Jun 09 20:50:08 GMT 2025","TestAnswerActivityItems","test_answers","",""
"","19","test_answer_download__answer_is_log","src.apps.file","Mon Jun 09 20:51:10 GMT 2025","passed","Mon Jun 09 20:51:10 GMT 2025","TestAnswerActivityItems","test_file","",""
"","13","test_invalid_applet_move_to_folder","src.apps.applets.tests","Mon Jun 09 20:50:53 GMT 2025","passed","Mon Jun 09 20:50:53 GMT 2025","TestAppletMoveToFolder","test_applet_folder","",""
"","1","test_user_create_request_white_space_is_not_allowed_in_password","src.apps.users.tests.unit","Mon Jun 09 20:52:04 GMT 2025","passed","Mon Jun 09 20:52:04 GMT 2025","","test_user_domain","",""
"","15","test_get_history_version__applet_version_does_not_exist","src.apps.applets.tests","Mon Jun 09 20:50:39 GMT 2025","passed","Mon Jun 09 20:50:39 GMT 2025","TestApplet","test_applet","",""
"","2","test_retrieve_by_applet_id_version__not_found","src.apps.applets.tests.unit","Mon Jun 09 20:51:02 GMT 2025","passed","Mon Jun 09 20:51:02 GMT 2025","","test_applet_history_crud","",""
"","320","test_seed_existing_applet_id","src.apps.applets.tests","Mon Jun 09 20:50:58 GMT 2025","passed","Mon Jun 09 20:50:58 GMT 2025","TestAppletSeedV1","test_applet_seed","",""
"","60","test_get_token_by_submit_id_creating_user_success","src.apps.integrations.oneup_health.tests","Mon Jun 09 20:51:14 GMT 2025","passed","Mon Jun 09 20:51:14 GMT 2025","TestOneupHealth","test_oneup_health","",""
"","101","test_create_applet_with_each_activity_item[single_select_item_create]","src.apps.applets.tests","Mon Jun 09 20:50:45 GMT 2025","passed","Mon Jun 09 20:50:45 GMT 2025","TestActivityItems","test_applet_activity_items","",""
"","100","test_create_applet_with_each_activity_item[video_item_create]","src.apps.applets.tests","Mon Jun 09 20:50:47 GMT 2025","passed","Mon Jun 09 20:50:47 GMT 2025","TestActivityItems","test_applet_activity_items","",""
"","176","test_update_applet__applet_history_is_updated","src.apps.applets.tests","Mon Jun 09 20:50:38 GMT 2025","passed","Mon Jun 09 20:50:39 GMT 2025","TestApplet","test_applet","",""
"","1","test_history_mixin_split_version_id","src.apps.applets.tests.unit","Mon Jun 09 20:51:02 GMT 2025","passed","Mon Jun 09 20:51:02 GMT 2025","","test_history_mixin","",""
"","118","test_create_applet_with_phrasal_template[phrasal_template_with_slider_rows_create]","src.apps.applets.tests","Mon Jun 09 20:50:48 GMT 2025","passed","Mon Jun 09 20:50:48 GMT 2025","TestActivityItems","test_applet_activity_items","",""
"","18","test_error_try_delete_subject_by_not_owner[pit-403]","src.apps.subjects.tests","Mon Jun 09 20:51:48 GMT 2025","passed","Mon Jun 09 20:51:48 GMT 2025","TestSubjects","tests","",""
"","64","test_update_applet_keep_activities_auto_assign","src.apps.applets.tests","Mon Jun 09 20:50:37 GMT 2025","passed","Mon Jun 09 20:50:37 GMT 2025","TestApplet","test_applet","",""
"","0","test_item_removed[Item test_item was removed]","src.apps.activities.tests.unit","Mon Jun 09 20:49:47 GMT 2025","passed","Mon Jun 09 20:49:47 GMT 2025","","test_activity_item_change","",""
"","1","test_filter_events[date7-0]","src.apps.applets.tests.unit","Mon Jun 09 20:51:02 GMT 2025","passed","Mon Jun 09 20:51:02 GMT 2025","TestEventsPeriodicityWeekdays","test_filter_schedule_events","",""
"","20","test_create_assignment_fail_wrong_target","src.apps.activity_assignments.tests","Mon Jun 09 20:49:48 GMT 2025","passed","Mon Jun 09 20:49:48 GMT 2025","TestActivityAssignments","test_assignments","",""
"","1","test_filter_events__cross_day__start_weekday_and_end_weekday_are_the_same[date3-1]","src.apps.applets.tests.unit","Mon Jun 09 20:51:02 GMT 2025","passed","Mon Jun 09 20:51:02 GMT 2025","TestEventsPeriodicityWeekly","test_filter_schedule_events","",""
"","54","test_invite_existing_user[manager-respondent-200-fr]","src.apps.invitations","Mon Jun 09 20:51:21 GMT 2025","passed","Mon Jun 09 20:51:21 GMT 2025","TestInvite","test_invite","",""
"","0","test_filter_events[date0-0]","src.apps.applets.tests.unit","Mon Jun 09 20:51:02 GMT 2025","passed","Mon Jun 09 20:51:02 GMT 2025","TestEventsPeriodicityMontly","test_filter_schedule_events","",""
"","3","test_get_applets_by_roles_count[False-2]","src.apps.applets.tests.unit","Mon Jun 09 20:51:01 GMT 2025","passed","Mon Jun 09 20:51:01 GMT 2025","","test_applet_crud","",""
"","1","test_ml_loris_user_relationship_create_model","src.apps.integrations.loris.tests","Mon Jun 09 20:51:14 GMT 2025","passed","Mon Jun 09 20:51:14 GMT 2025","","test_domain","",""
"","19","test_fail_if_invite_manager_on_editor_role","src.apps.invitations","Mon Jun 09 20:51:25 GMT 2025","passed","Mon Jun 09 20:51:25 GMT 2025","TestInvite","test_invite","",""
"","2","test_revoke_access_token","src.apps.authentication.tests.unit","Mon Jun 09 20:51:09 GMT 2025","passed","Mon Jun 09 20:51:09 GMT 2025","TestAuthService","test_auth_service","",""
"","21","test_generate_upload_url__webm_to_mp3_mp4[test.webm-.mp3-test.webm.mp3]","src.apps.file","Mon Jun 09 20:51:10 GMT 2025","passed","Mon Jun 09 20:51:10 GMT 2025","TestAnswerActivityItems","test_file","",""
"","0","test_new_activity_description_was_changed","src.apps.activities.tests.unit","Mon Jun 09 20:49:46 GMT 2025","passed","Mon Jun 09 20:49:46 GMT 2025","","test_activity_change","",""
"","62","test_invite_existing_user[coordinator-respondent-200-en]","src.apps.invitations","Mon Jun 09 20:51:21 GMT 2025","passed","Mon Jun 09 20:51:21 GMT 2025","TestInvite","test_invite","",""
"","17","test_update_applet__duplicate_flow_id","src.apps.applets.tests","Mon Jun 09 20:50:42 GMT 2025","passed","Mon Jun 09 20:50:42 GMT 2025","TestApplet","test_applet","",""
"","0","test_get_changes_applet_updated[about-value1-About Applet Page was set to NEW]","src.apps.applets.tests.unit","Mon Jun 09 20:51:00 GMT 2025","passed","Mon Jun 09 20:51:00 GMT 2025","","test_applet_changes","",""
"","89","test_get_history_changes__applet_display_name_is_updated","src.apps.applets.tests","Mon Jun 09 20:50:39 GMT 2025","passed","Mon Jun 09 20:50:39 GMT 2025","TestApplet","test_applet","",""
"","1","test_filter_events[date2-1]","src.apps.applets.tests.unit","Mon Jun 09 20:51:02 GMT 2025","passed","Mon Jun 09 20:51:02 GMT 2025","TestEventsPeriodicityMontly","test_filter_schedule_events","",""
"","73","test_invite_and_accept_invitation_as_manager","src.apps.invitations","Mon Jun 09 20:51:28 GMT 2025","passed","Mon Jun 09 20:51:28 GMT 2025","TestInvite","test_invite","",""
"","18","test_user_workspace_retrieve_without_managers","src.apps.workspaces.tests","Mon Jun 09 20:52:08 GMT 2025","passed","Mon Jun 09 20:52:08 GMT 2025","TestWorkspaces","test_workspaces","",""
"","21","test_get_tz_utc_offset[EST--18000]","src.infrastructure.tests.unit.http","Mon Jun 09 20:52:13 GMT 2025","passed","Mon Jun 09 20:52:13 GMT 2025","","test_deps","",""
"","109","test_create_applet_with_each_activity_item[geolocation_item_create]","src.apps.applets.tests","Mon Jun 09 20:50:47 GMT 2025","passed","Mon Jun 09 20:50:47 GMT 2025","TestActivityItems","test_applet_activity_items","",""
"","279","test_get_token","src.apps.authentication.tests","Mon Jun 09 20:51:02 GMT 2025","passed","Mon Jun 09 20:51:02 GMT 2025","TestAuthentication","test_auth","",""
"","1","test_filter_events__cross_day_event__start_date_and_and_date_is_last_day_of_month[date3-1]","src.apps.applets.tests.unit","Mon Jun 09 20:51:02 GMT 2025","passed","Mon Jun 09 20:51:02 GMT 2025","TestEventsPeriodicityMontly","test_filter_schedule_events","",""
"","46","test_invite_existing_user[manager-manager-200-el]","src.apps.invitations","Mon Jun 09 20:51:20 GMT 2025","passed","Mon Jun 09 20:51:20 GMT 2025","TestInvite","test_invite","",""
"","46","test_public_answer_activity_items_create_for_respondent","src.apps.answers.tests","Mon Jun 09 20:50:26 GMT 2025","passed","Mon Jun 09 20:50:26 GMT 2025","TestAnswerActivityItems","test_answers_arbitrary","",""
"","4","test_create_user_password_contains_whitespaces","src.apps.users.tests","Mon Jun 09 20:52:03 GMT 2025","passed","Mon Jun 09 20:52:03 GMT 2025","TestUser","test_user","",""
"","28","test_check_answer_file_uploaded__file_does_not_exist","src.apps.file","Mon Jun 09 20:51:11 GMT 2025","passed","Mon Jun 09 20:51:11 GMT 2025","TestAnswerActivityItems","test_file","",""
"","4","test_retrieve_versions_by_applet_id","src.apps.applets.tests.unit","Mon Jun 09 20:51:01 GMT 2025","passed","Mon Jun 09 20:51:01 GMT 2025","","test_applet_history_crud","",""
"","4","test_retrieve_versions_by_applet_id__not_found","src.apps.applets.tests.unit","Mon Jun 09 20:51:01 GMT 2025","passed","Mon Jun 09 20:51:01 GMT 2025","","test_applet_history_crud","",""
"","1","test_event_request_with_random_notification__to_time_not_in_between_start_time_and_end_time[event_weekdays_data-not_valid_to6]","src.apps.schedule.tests.unit.domain","Mon Jun 09 20:51:46 GMT 2025","passed","Mon Jun 09 20:51:46 GMT 2025","","test_schedule_request_data","",""
"","3","test_exists_by_id__applet_not_foud","src.apps.applets.tests.unit","Mon Jun 09 20:51:00 GMT 2025","passed","Mon Jun 09 20:51:00 GMT 2025","","test_applet_crud","",""
"","1","test_validate_not_valid_hour_minute[<div class=""hljs-left""> <p>test</p> </div>-<div class=""hljs-left""> <p>test</p> </div>]","src.apps.shared.test.unit","Mon Jun 09 20:51:46 GMT 2025","passed","Mon Jun 09 20:51:46 GMT 2025","","test_shared_custom_validation","",""
"","15","test_remove_individual_calendar__events_for_user_not_found","src.apps.schedule.tests","Mon Jun 09 20:51:38 GMT 2025","passed","Mon Jun 09 20:51:38 GMT 2025","TestSchedule","test_schedule","",""
"","89","test_create_applet_in_another_workspace_not_owner","src.apps.applets.tests","Mon Jun 09 20:50:39 GMT 2025","passed","Mon Jun 09 20:50:39 GMT 2025","TestApplet","test_applet","",""
"","1","test_consent_request_model","src.apps.integrations.loris.tests","Mon Jun 09 20:51:14 GMT 2025","passed","Mon Jun 09 20:51:14 GMT 2025","","test_domain","",""
"","1","test_validate_not_valid_hour_minute[<figure><img src=""https://imzbf.github.io/mark_emoji.gif"" alt=""Picture"" class=""md-zoom""></figure>-<figure><img src=""https://imzbf.github.io/mark_emoji.gif"" alt=""Picture"" class=""md-zoom""></figure>]","src.apps.shared.test.unit","Mon Jun 09 20:51:46 GMT 2025","passed","Mon Jun 09 20:51:46 GMT 2025","","test_shared_custom_validation","",""
"","435","test_assignment_list_by_applet_with_multiples_applets_success","src.apps.activity_assignments.tests","Mon Jun 09 20:49:48 GMT 2025","passed","Mon Jun 09 20:49:49 GMT 2025","TestActivityAssignments","test_assignments","",""
"","43","test_re_accept_transfer","src.apps.transfer_ownership","Mon Jun 09 20:51:52 GMT 2025","passed","Mon Jun 09 20:51:52 GMT 2025","TestTransfer","tests","",""
"","45","test_answer_activity_answer_dates_for_respondent","src.apps.answers.tests","Mon Jun 09 20:49:52 GMT 2025","passed","Mon Jun 09 20:49:52 GMT 2025","TestAnswerActivityItems","test_answers","",""
"","76","test_create_applet_single_multi_select_response_values_value_null_auto_set_value[multiSelect]","src.apps.applets.tests","Mon Jun 09 20:50:51 GMT 2025","passed","Mon Jun 09 20:50:51 GMT 2025","TestActivityItems","test_applet_activity_items","",""
"","9","test_get_applets_by_link[applet_with_public_link-True-None]","src.apps.applets.tests.unit","Mon Jun 09 20:51:00 GMT 2025","passed","Mon Jun 09 20:51:00 GMT 2025","","test_applet_crud","",""
"","77","test_workspace_applets_respondent_update","src.apps.workspaces.tests","Mon Jun 09 20:52:09 GMT 2025","passed","Mon Jun 09 20:52:09 GMT 2025","TestWorkspaces","test_workspaces","",""
"","10","test_get_applets_by_link[applet_with_link-True-applet]","src.apps.applets.tests.unit","Mon Jun 09 20:51:00 GMT 2025","passed","Mon Jun 09 20:51:00 GMT 2025","","test_applet_crud","",""
"","287","test_create_super_user_admin","src.apps.users.tests.unit","Mon Jun 09 20:52:05 GMT 2025","passed","Mon Jun 09 20:52:05 GMT 2025","","test_user_service","",""
"","15","test_get_cart_no_cart_for_user","src.apps.library","Mon Jun 09 20:51:31 GMT 2025","passed","Mon Jun 09 20:51:31 GMT 2025","TestLibrary","tests","",""
"","23","test_cart_search[PHQ9-applet_four-1-10]","src.apps.library","Mon Jun 09 20:51:31 GMT 2025","passed","Mon Jun 09 20:51:31 GMT 2025","TestLibrary","tests","",""
"","51","test_assignment_list_by_applet_with_delete_subject","src.apps.activity_assignments.tests","Mon Jun 09 20:49:49 GMT 2025","passed","Mon Jun 09 20:49:49 GMT 2025","TestActivityAssignments","test_assignments","",""
"","1","test_get_changes_is_initial_version[report_public_key-public key-Public encryption key was set to public key]","src.apps.applets.tests.unit","Mon Jun 09 20:51:00 GMT 2025","passed","Mon Jun 09 20:51:00 GMT 2025","","test_applet_changes","",""
"","98","test_get_workspace_managers","src.apps.workspaces.tests","Mon Jun 09 20:52:10 GMT 2025","passed","Mon Jun 09 20:52:10 GMT 2025","TestWorkspaces","test_workspaces","",""
"","2","test_slider_logic","src.apps.activities.tests.unit.domain","Mon Jun 09 20:49:46 GMT 2025","passed","Mon Jun 09 20:49:46 GMT 2025","","test_activity_item_create","",""
"","1","test_notification_random__from_end_time_can_not_be_none[from_time]","src.apps.schedule.tests.unit.domain","Mon Jun 09 20:51:46 GMT 2025","passed","Mon Jun 09 20:51:46 GMT 2025","","test_schedule_request_data","",""
"","19","test_upload_logs__error_during_upload","src.apps.file","Mon Jun 09 20:51:11 GMT 2025","passed","Mon Jun 09 20:51:11 GMT 2025","TestAnswerActivityItems","test_file","",""
"","66","test_validate_multiinformant_assessment_success_permanent_non_take_now","src.apps.answers.tests","Mon Jun 09 20:50:23 GMT 2025","passed","Mon Jun 09 20:50:23 GMT 2025","TestAnswerActivityItems","test_answers","",""
"","0","test_filter_events[date1-1]","src.apps.applets.tests.unit","Mon Jun 09 20:51:02 GMT 2025","passed","Mon Jun 09 20:51:02 GMT 2025","TestEventsPeriodicityWeekly","test_filter_schedule_events","",""
"","10","test_seed_undefined_subject_user","src.apps.applets.tests","Mon Jun 09 20:50:59 GMT 2025","passed","Mon Jun 09 20:50:59 GMT 2025","TestAppletSeedV1","test_applet_seed","",""
"","27","test_arbitary_s3_aws_check_existence","src.apps.file","Mon Jun 09 20:51:09 GMT 2025","passed","Mon Jun 09 20:51:09 GMT 2025","TestAnswerActivityItems","test_file","",""
"","99","test_get_applet_activities_info","src.apps.applets.tests","Mon Jun 09 20:50:39 GMT 2025","passed","Mon Jun 09 20:50:39 GMT 2025","TestApplet","test_applet","",""
"","94","test_no_oneup_user_id","src.apps.integrations.oneup_health.tests","Mon Jun 09 20:51:16 GMT 2025","passed","Mon Jun 09 20:51:16 GMT 2025","TestTaskIngestUserData","test_task","",""
"","11","test_update_applet__duplicate_flow_name","src.apps.applets.tests","Mon Jun 09 20:50:41 GMT 2025","passed","Mon Jun 09 20:50:42 GMT 2025","TestApplet","test_applet","",""
"","1","test_event_request_periodicity_not_always_no_required_fields[event_weekly_data-start_time]","src.apps.schedule.tests.unit.domain","Mon Jun 09 20:51:46 GMT 2025","passed","Mon Jun 09 20:51:46 GMT 2025","","test_schedule_request_data","",""
"","17","test_general_file_download_client_error__file_not_found","src.apps.file","Mon Jun 09 20:51:11 GMT 2025","passed","Mon Jun 09 20:51:11 GMT 2025","TestAnswerActivityItems","test_file","",""
"","1","test_filter_events__cross_day[date3-0]","src.apps.applets.tests.unit","Mon Jun 09 20:51:02 GMT 2025","passed","Mon Jun 09 20:51:02 GMT 2025","TestEventsPeriodicityWeekdays","test_filter_schedule_events","",""
"","14","test_schedule_create__can_not_create_event_for_activity_always_avaiable","src.apps.schedule.tests","Mon Jun 09 20:51:45 GMT 2025","passed","Mon Jun 09 20:51:45 GMT 2025","TestSchedule","test_schedule","",""
"","399","test_subject_assigned_activities_auto_and_manually_assigned","src.apps.activities.tests","Mon Jun 09 20:49:41 GMT 2025","passed","Mon Jun 09 20:49:41 GMT 2025","TestActivities","test_activities","",""
"","1","test_initial_slider_rows_values","src.apps.activities.tests.unit","Mon Jun 09 20:49:46 GMT 2025","passed","Mon Jun 09 20:49:46 GMT 2025","","test_activity_item_change","",""
"","11","test_subject_assigned_activities_participant_other","src.apps.activities.tests","Mon Jun 09 20:49:40 GMT 2025","passed","Mon Jun 09 20:49:40 GMT 2025","TestActivities","test_activities","",""
"","0","test_get_changes_is_initial_version[description-value0-Applet Description was set to NEW]","src.apps.applets.tests.unit","Mon Jun 09 20:51:00 GMT 2025","passed","Mon Jun 09 20:51:00 GMT 2025","","test_applet_changes","",""
"","24","test_cart_search[3-applet_three-1-10]","src.apps.library","Mon Jun 09 20:51:30 GMT 2025","passed","Mon Jun 09 20:51:30 GMT 2025","TestLibrary","tests","",""
"","1","test_incorrect_subscale_item","src.apps.activities.tests.unit.domain","Mon Jun 09 20:49:46 GMT 2025","passed","Mon Jun 09 20:49:46 GMT 2025","TestValidateSubscales","test_custom_validation","",""
"","2","test_single_multi_select_item_row_without_datamatrix[multi_select_row_item_create]","src.apps.activities.tests.unit.domain","Mon Jun 09 20:49:46 GMT 2025","passed","Mon Jun 09 20:49:46 GMT 2025","","test_activity_item_create","",""
"","2","test_get_by_loris_user_id_not_found","src.apps.integrations.loris.tests","Mon Jun 09 20:51:14 GMT 2025","passed","Mon Jun 09 20:51:14 GMT 2025","","test_crud_relationship","",""
"","1","test_event_cross_day_with_reminder_notification__at_time_not_in_between_start_time_and_end_time[event_once_data-out_of_range_time1]","src.apps.schedule.tests.unit.domain","Mon Jun 09 20:51:46 GMT 2025","passed","Mon Jun 09 20:51:46 GMT 2025","","test_schedule_request_data","",""
"","24","test_get_summary_activities_no_answer_no_performance_task","src.apps.answers.tests","Mon Jun 09 20:50:32 GMT 2025","passed","Mon Jun 09 20:50:32 GMT 2025","TestAnswerActivityItems","test_answers_arbitrary","",""
"","33","test_unassign_fail_missing_activity_and_flow","src.apps.activity_assignments.tests","Mon Jun 09 20:49:50 GMT 2025","passed","Mon Jun 09 20:49:50 GMT 2025","TestActivityAssignments","test_assignments","",""
"","16","test_review_delete[lucy-403]","src.apps.answers.tests","Mon Jun 09 20:50:05 GMT 2025","passed","Mon Jun 09 20:50:05 GMT 2025","TestAnswerActivityItems","test_answers","",""
"","143","test_update_applet_change_flow_auto_assign","src.apps.applets.tests","Mon Jun 09 20:50:42 GMT 2025","passed","Mon Jun 09 20:50:42 GMT 2025","TestApplet","test_applet","",""
"","52","test_shell_invite[shell_create1]","src.apps.invitations","Mon Jun 09 20:51:27 GMT 2025","passed","Mon Jun 09 20:51:27 GMT 2025","TestInvite","test_invite","",""
"","29","test_user_create_device","src.apps.users.tests","Mon Jun 09 20:52:03 GMT 2025","passed","Mon Jun 09 20:52:03 GMT 2025","TestUser","test_user","",""
"","3","test_liveness","src.apps.healthcheck","Mon Jun 09 20:51:14 GMT 2025","passed","Mon Jun 09 20:51:14 GMT 2025","TestHealthcheck","tests","",""
"","74","test_get_activity_identifiers","src.apps.answers.tests","Mon Jun 09 20:50:02 GMT 2025","passed","Mon Jun 09 20:50:02 GMT 2025","TestAnswerActivityItems","test_answers","",""
"","2","test_get_by_id__applet_not_foud","src.apps.applets.tests.unit","Mon Jun 09 20:51:00 GMT 2025","passed","Mon Jun 09 20:51:00 GMT 2025","","test_applet_crud","",""
"","1","test_create_item__item_name_with_not_valid_character","src.apps.activities.tests.unit.domain","Mon Jun 09 20:49:46 GMT 2025","passed","Mon Jun 09 20:49:46 GMT 2025","","test_activity_item_create","",""
"","60","test_get_workspace_applet_respondents_as_coordinator_and_reviewer","src.apps.workspaces.tests","Mon Jun 09 20:52:10 GMT 2025","passed","Mon Jun 09 20:52:10 GMT 2025","TestWorkspaces","test_workspaces","",""
"","1","test_is_last_day_of_month[date2-False]","src.apps.applets.tests.unit","Mon Jun 09 20:51:02 GMT 2025","passed","Mon Jun 09 20:51:02 GMT 2025","","test_filter_schedule_events","",""
"","13","test_user_workspace_list_super_admin","src.apps.workspaces.tests","Mon Jun 09 20:52:08 GMT 2025","passed","Mon Jun 09 20:52:08 GMT 2025","TestWorkspaces","test_workspaces","",""
"","52","test_applets_completions","src.apps.answers.tests","Mon Jun 09 20:50:33 GMT 2025","passed","Mon Jun 09 20:50:33 GMT 2025","TestAnswerActivityItems","test_answers_arbitrary","",""
"","1","test_validate_not_valid_hour_minute[minutes-60-MinuteRangeError]","src.apps.schedule.tests.unit.domain","Mon Jun 09 20:51:46 GMT 2025","passed","Mon Jun 09 20:51:46 GMT 2025","","test_schedule_request_data","",""
"","36","test_access_to_activity_list[reviewer-200]","src.apps.answers.tests","Mon Jun 09 20:50:13 GMT 2025","passed","Mon Jun 09 20:50:13 GMT 2025","TestAnswerActivityItems","test_answers","",""
"","16","test_respondent_can_NOT_invite_new_reviewer_for_a_specific_respondent","src.apps.invitations","Mon Jun 09 20:51:28 GMT 2025","passed","Mon Jun 09 20:51:28 GMT 2025","TestInvite","test_invite","",""
"","0","test_slider_item_with_alert","src.apps.activities.tests.unit.domain","Mon Jun 09 20:49:46 GMT 2025","passed","Mon Jun 09 20:49:46 GMT 2025","","test_activity_item_create","",""
"","44","test_get_flow_submissions_filters[0-query_params3-2]","src.apps.answers.tests","Mon Jun 09 20:50:12 GMT 2025","passed","Mon Jun 09 20:50:12 GMT 2025","TestAnswerActivityItems","test_answers","",""
"","1","test_get_changes_the_same_values_are_not_tracked","src.apps.applets.tests.unit","Mon Jun 09 20:51:00 GMT 2025","passed","Mon Jun 09 20:51:00 GMT 2025","","test_applet_changes","",""
"","2","test_get_job_by_name","src.apps.job.tests","Mon Jun 09 20:51:29 GMT 2025","passed","Mon Jun 09 20:51:29 GMT 2025","","test_jobs_crud","",""
"","20","test_cant_create_invitation_with_same_secret_id_as_shell_account","src.apps.invitations","Mon Jun 09 20:51:28 GMT 2025","passed","Mon Jun 09 20:51:28 GMT 2025","TestInvite","test_invite","",""
"","0","test_filter_events__cross_day__start_weekday_and_end_weekday_are_the_same[date1-1]","src.apps.applets.tests.unit","Mon Jun 09 20:51:02 GMT 2025","passed","Mon Jun 09 20:51:02 GMT 2025","TestEventsPeriodicityWeekly","test_filter_schedule_events","",""
"","6","test_change_password","src.apps.users.tests.unit","Mon Jun 09 20:52:04 GMT 2025","passed","Mon Jun 09 20:52:04 GMT 2025","","test_user_crud","",""
"","1","test_is_last_day_of_month[date0-False]","src.apps.applets.tests.unit","Mon Jun 09 20:51:02 GMT 2025","passed","Mon Jun 09 20:51:02 GMT 2025","","test_filter_schedule_events","",""
"","38","test_applet_delete","src.apps.folders","Mon Jun 09 20:51:13 GMT 2025","passed","Mon Jun 09 20:51:13 GMT 2025","TestFolder","test_folder","",""
"","2","test_create_activity_item_single_multi_select_row_alert_is_not_none_but_set_alerts_not_set[multi_select_row_item_create]","src.apps.activities.tests.unit.domain","Mon Jun 09 20:49:46 GMT 2025","passed","Mon Jun 09 20:49:46 GMT 2025","","test_activity_item_create","",""
"","0","test_successful_validation","src.apps.activities.tests.unit.domain","Mon Jun 09 20:49:46 GMT 2025","passed","Mon Jun 09 20:49:46 GMT 2025","TestValidateScoreSubscaleTable","test_custom_validation_subscale","",""
"","1","test_too_long_fractional_part_error","src.apps.activities.tests.unit.domain","Mon Jun 09 20:49:46 GMT 2025","passed","Mon Jun 09 20:49:46 GMT 2025","TestValidateScoreSubscaleTable","test_custom_validation_subscale","",""
"","1","test_create_single_select_item__not_valid_response_values[None]","src.apps.activities.tests.unit.domain","Mon Jun 09 20:49:46 GMT 2025","passed","Mon Jun 09 20:49:46 GMT 2025","","test_activity_item_create","",""
"","3","test_get_applets_by_roles_count[True-1]","src.apps.applets.tests.unit","Mon Jun 09 20:51:01 GMT 2025","passed","Mon Jun 09 20:51:01 GMT 2025","","test_applet_crud","",""
"","77","test_create_applet_without_activities_auto_assign","src.apps.applets.tests","Mon Jun 09 20:50:35 GMT 2025","passed","Mon Jun 09 20:50:35 GMT 2025","TestApplet","test_applet","",""
"","15","test_schedule_get_all_for_applet_and_user__user_does_not_exist","src.apps.schedule.tests","Mon Jun 09 20:51:45 GMT 2025","passed","Mon Jun 09 20:51:45 GMT 2025","TestSchedule","test_schedule","",""
"","1","test_initial_activity_complex_fields_are_set[scores_and_reports-exp_changes0]","src.apps.activities.tests.unit","Mon Jun 09 20:49:46 GMT 2025","passed","Mon Jun 09 20:49:46 GMT 2025","","test_activity_change","",""
"","105","test_create_applet_with_minimal_data","src.apps.applets.tests","Mon Jun 09 20:50:35 GMT 2025","passed","Mon Jun 09 20:50:35 GMT 2025","TestApplet","test_applet","",""
"","40","test_invite_new_user[editor-fr]","src.apps.invitations","Mon Jun 09 20:51:23 GMT 2025","passed","Mon Jun 09 20:51:23 GMT 2025","TestInvite","test_invite","",""
"","269","test_public_user_from_user_model","src.apps.users.tests.unit","Mon Jun 09 20:52:05 GMT 2025","passed","Mon Jun 09 20:52:05 GMT 2025","","test_user_domain","",""
"","2","test_create_single_multi_select_row_item_no_datamatrix[multi_select_row_item_create-set_alerts]","src.apps.activities.tests.unit.domain","Mon Jun 09 20:49:46 GMT 2025","passed","Mon Jun 09 20:49:46 GMT 2025","","test_activity_item_create","",""
"","15","test_update_report_config_for_activity__activity_does_not_exists","src.apps.applets.tests","Mon Jun 09 20:50:41 GMT 2025","passed","Mon Jun 09 20:50:41 GMT 2025","TestApplet","test_applet","",""
"","1","test_filter_events[date1-1]","src.apps.applets.tests.unit","Mon Jun 09 20:51:02 GMT 2025","passed","Mon Jun 09 20:51:02 GMT 2025","TestEventsPeriodicityWeekdays","test_filter_schedule_events","",""
"","1","test_get_local_tz[headers0-US/Pacific]","src.infrastructure.tests.unit.http","Mon Jun 09 20:52:13 GMT 2025","passed","Mon Jun 09 20:52:13 GMT 2025","","test_deps","",""
"","20","test_create_assignment_fail_shell_account_respondent","src.apps.activity_assignments.tests","Mon Jun 09 20:49:48 GMT 2025","passed","Mon Jun 09 20:49:48 GMT 2025","TestActivityAssignments","test_assignments","",""
"","26","test_get_summary_activities_has_answer_no_performance_task","src.apps.answers.tests","Mon Jun 09 20:50:03 GMT 2025","passed","Mon Jun 09 20:50:03 GMT 2025","TestAnswerActivityItems","test_answers","",""
"","1","test_user_create_request_email_to_lower_case","src.apps.users.tests.unit","Mon Jun 09 20:52:04 GMT 2025","passed","Mon Jun 09 20:52:04 GMT 2025","","test_user_domain","",""
"","33","test_assigned_activities_empty_applet[target]","src.apps.activities.tests","Mon Jun 09 20:49:42 GMT 2025","passed","Mon Jun 09 20:49:42 GMT 2025","TestActivities","test_activities","",""
"","81","test_create_applet__activity_with_subscale_settings_with_total_score_table","src.apps.applets.tests","Mon Jun 09 20:50:52 GMT 2025","passed","Mon Jun 09 20:50:52 GMT 2025","TestActivityItems","test_applet_activity_items","",""
"","70","test_answer_activity_items_create_temporary_relation_success","src.apps.answers.tests","Mon Jun 09 20:49:57 GMT 2025","passed","Mon Jun 09 20:49:57 GMT 2025","TestAnswerActivityItems","test_answers","",""
"","4","test_get_name_duplicates__exclude_applet[True-0]","src.apps.applets.tests.unit","Mon Jun 09 20:51:01 GMT 2025","passed","Mon Jun 09 20:51:01 GMT 2025","","test_applet_crud","",""
"","70","test_pin_subject_wrong_access_id","src.apps.workspaces.tests","Mon Jun 09 20:52:12 GMT 2025","passed","Mon Jun 09 20:52:12 GMT 2025","TestWorkspaces","test_workspaces","",""
"","92","test_get_target_subjects_by_respondent_via_submission_as_coordinator_and_reviewer","src.apps.subjects.tests","Mon Jun 09 20:51:51 GMT 2025","passed","Mon Jun 09 20:51:51 GMT 2025","TestSubjects","tests","",""
"","1","test_event_request_periodicity_not_always_no_required_fields[event_daily_data-access_before_schedule]","src.apps.schedule.tests.unit.domain","Mon Jun 09 20:51:45 GMT 2025","passed","Mon Jun 09 20:51:45 GMT 2025","","test_schedule_request_data","",""
"","1","test_event_request_with_reminder_notification__at_time_not_in_between_start_time_and_end_time[event_weekdays_data-out_of_range_time6]","src.apps.schedule.tests.unit.domain","Mon Jun 09 20:51:46 GMT 2025","passed","Mon Jun 09 20:51:46 GMT 2025","","test_schedule_request_data","",""
"","1","test_event_cross_day_with_fixed_notification__at_time_not_in_between_start_time_and_end_time[event_once_data-out_of_range_time1]","src.apps.schedule.tests.unit.domain","Mon Jun 09 20:51:46 GMT 2025","passed","Mon Jun 09 20:51:46 GMT 2025","","test_schedule_request_data","",""
"","1","test_create_item_with_drawing_response_values_proportion_from_json[None]","src.apps.activities.tests.unit.domain","Mon Jun 09 20:49:46 GMT 2025","passed","Mon Jun 09 20:49:46 GMT 2025","","test_activity_item_create","",""
"","10","test_emergency_message__authorized_testflag","src.apps.healthcheck","Mon Jun 09 20:51:14 GMT 2025","passed","Mon Jun 09 20:51:14 GMT 2025","TestHealthcheck","tests","",""
"","45","test_get_flow_submissions_review_count[tom-1-0]","src.apps.answers.tests","Mon Jun 09 20:50:17 GMT 2025","passed","Mon Jun 09 20:50:17 GMT 2025","TestAnswerActivityItems","test_answers","",""
"","25","test_applet_assessment_retrive_for_submission_if_no_assessment_answer","src.apps.answers.tests","Mon Jun 09 20:50:17 GMT 2025","passed","Mon Jun 09 20:50:17 GMT 2025","TestAnswerActivityItems","test_answers","",""
"","1","test_change_password_passwords_contain_whitespace[password-pass word]","src.apps.users.tests.unit","Mon Jun 09 20:52:05 GMT 2025","passed","Mon Jun 09 20:52:05 GMT 2025","","test_user_domain","",""
"","35","test_unassign_fail_missing_target","src.apps.activity_assignments.tests","Mon Jun 09 20:49:50 GMT 2025","passed","Mon Jun 09 20:49:50 GMT 2025","TestActivityAssignments","test_assignments","",""
"","1","test_successful_validation","src.apps.activities.tests.unit.domain","Mon Jun 09 20:49:46 GMT 2025","passed","Mon Jun 09 20:49:46 GMT 2025","TestValidateScoreAndSections","test_custom_validation","",""
"","58","test_manager_invite_if_duplicate_email_and_role_not_accepted[coordinator]","src.apps.invitations","Mon Jun 09 20:51:24 GMT 2025","passed","Mon Jun 09 20:51:25 GMT 2025","TestInvite","test_invite","",""
"","146","test_send_many_pending_invitations_for_one_email_valid_only_last","src.apps.invitations","Mon Jun 09 20:51:26 GMT 2025","passed","Mon Jun 09 20:51:26 GMT 2025","TestInvite","test_invite","",""
"","0","test_initial_activity_bool_value_is_enabled","src.apps.activities.tests.unit","Mon Jun 09 20:49:46 GMT 2025","passed","Mon Jun 09 20:49:46 GMT 2025","","test_activity_change","",""
"","1","test_validate_not_valid_hour_minute[<blockquote data-line=""19""> <p>test</p> </blockquote>-<blockquote data-line=""19""> <p>test</p> </blockquote>]","src.apps.shared.test.unit","Mon Jun 09 20:51:46 GMT 2025","passed","Mon Jun 09 20:51:46 GMT 2025","","test_shared_custom_validation","",""
"","29","test_applet_delete","src.apps.applets.tests","Mon Jun 09 20:50:38 GMT 2025","passed","Mon Jun 09 20:50:38 GMT 2025","TestApplet","test_applet","",""
"","33","test_retrieve_integration","src.apps.integrations.tests","Mon Jun 09 20:51:18 GMT 2025","passed","Mon Jun 09 20:51:18 GMT 2025","TestIntegrationRouter","test_integrations","",""
"","4","test_publish_applet","src.apps.applets.tests.unit","Mon Jun 09 20:51:01 GMT 2025","passed","Mon Jun 09 20:51:01 GMT 2025","","test_applet_crud","",""
"","2","test_number_select_logic","src.apps.activities.tests.unit.domain","Mon Jun 09 20:49:46 GMT 2025","passed","Mon Jun 09 20:49:46 GMT 2025","","test_activity_item_create","",""
"","24","test_cart_search[AMQ-applet_three-1-10]","src.apps.library","Mon Jun 09 20:51:31 GMT 2025","passed","Mon Jun 09 20:51:31 GMT 2025","TestLibrary","tests","",""
"","91","test_create_applet__activity_with_score_and_reports__score_and_section_with_conditional_logic","src.apps.applets.tests","Mon Jun 09 20:50:53 GMT 2025","passed","Mon Jun 09 20:50:53 GMT 2025","TestActivityItems","test_applet_activity_items","",""
"","304","test_delete_all_schedule_events__firebase_error_muted","src.apps.schedule.tests","Mon Jun 09 20:51:40 GMT 2025","passed","Mon Jun 09 20:51:40 GMT 2025","TestSchedule","test_schedule","",""
"Test the _process_data_transfer function with partial completion.","24","test_process_data_transfer_partial_completion","src.apps.integrations.oneup_health.tests","Mon Jun 09 20:51:17 GMT 2025","passed","Mon Jun 09 20:51:17 GMT 2025","TestTaskIngestUserData","test_task","",""
"","104","test_duplicate_applet_include_report_server_config","src.apps.applets.tests","Mon Jun 09 20:50:37 GMT 2025","passed","Mon Jun 09 20:50:37 GMT 2025","TestApplet","test_applet","",""
"","27","test_activity_turned_into_assessment_not_included_in_list","src.apps.answers.tests","Mon Jun 09 20:50:15 GMT 2025","passed","Mon Jun 09 20:50:15 GMT 2025","TestAnswerActivityItems","test_answers","",""
"","1","test_notification_random__from_end_time_can_not_be_none[to_time]","src.apps.schedule.tests.unit.domain","Mon Jun 09 20:51:46 GMT 2025","passed","Mon Jun 09 20:51:46 GMT 2025","","test_schedule_request_data","",""
"","2","test_event_cross_day_with_random_notification__from_time_not_in_between_start_time_and_end_time[event_weekdays_data-not_valid_from3]","src.apps.schedule.tests.unit.domain","Mon Jun 09 20:51:46 GMT 2025","passed","Mon Jun 09 20:51:46 GMT 2025","","test_schedule_request_data","",""
"","10","test_get_applets_by_link[applet_with_public_link-False-applet]","src.apps.applets.tests.unit","Mon Jun 09 20:51:00 GMT 2025","passed","Mon Jun 09 20:51:00 GMT 2025","","test_applet_crud","",""
"","61","test_get_token_without_creating_user","src.apps.integrations.oneup_health.tests","Mon Jun 09 20:51:14 GMT 2025","passed","Mon Jun 09 20:51:15 GMT 2025","TestOneupHealth","test_oneup_health","",""
"","0","test_single_selection_remove_insert_with_the_same_name","src.apps.activities.tests.unit","Mon Jun 09 20:49:46 GMT 2025","passed","Mon Jun 09 20:49:46 GMT 2025","","test_activity_item_change","",""
"","30","test_init_transfer_owner_invite_themself","src.apps.transfer_ownership","Mon Jun 09 20:51:53 GMT 2025","passed","Mon Jun 09 20:51:53 GMT 2025","TestTransfer","tests","",""
"","1","test_event_request_with_fixed_notification__at_time_not_in_between_start_time_and_end_time[event_once_data-out_of_range_time3]","src.apps.schedule.tests.unit.domain","Mon Jun 09 20:51:46 GMT 2025","passed","Mon Jun 09 20:51:46 GMT 2025","","test_schedule_request_data","",""
"","46","test_set_applet_report_configuration","src.apps.applets.tests","Mon Jun 09 20:50:37 GMT 2025","passed","Mon Jun 09 20:50:37 GMT 2025","TestApplet","test_applet","",""
"","20","test_applet_two_get_respondent_success","src.apps.workspaces.tests","Mon Jun 09 20:52:11 GMT 2025","passed","Mon Jun 09 20:52:11 GMT 2025","TestWorkspaces","test_workspaces","",""
"","86","test_create_flow_answer__submit_autocomplete","src.apps.answers.tests","Mon Jun 09 20:49:54 GMT 2025","passed","Mon Jun 09 20:49:54 GMT 2025","TestAnswerActivityItems","test_answers","",""
"","66","test_update_applet","src.apps.applets.tests","Mon Jun 09 20:50:36 GMT 2025","passed","Mon Jun 09 20:50:36 GMT 2025","TestApplet","test_applet","",""
"","15","test_delete_folder","src.apps.folders","Mon Jun 09 20:51:13 GMT 2025","passed","Mon Jun 09 20:51:13 GMT 2025","TestFolder","test_folder","",""
"","15","test_get_target_subjects_by_respondent_respondent_user","src.apps.subjects.tests","Mon Jun 09 20:51:49 GMT 2025","passed","Mon Jun 09 20:51:49 GMT 2025","TestSubjects","tests","",""
"","29","test_accept_transfer__user_not_in_transfer","src.apps.transfer_ownership","Mon Jun 09 20:51:53 GMT 2025","passed","Mon Jun 09 20:51:53 GMT 2025","TestTransfer","tests","",""
"","57","test_get_workspace_respondents_as_coordinator","src.apps.workspaces.tests","Mon Jun 09 20:52:09 GMT 2025","passed","Mon Jun 09 20:52:09 GMT 2025","TestWorkspaces","test_workspaces","",""
"","35","test_applet_activity_answers","src.apps.answers.tests","Mon Jun 09 20:49:59 GMT 2025","passed","Mon Jun 09 20:49:59 GMT 2025","TestAnswerActivityItems","test_answers","",""
"","282","test_password_recovery_approve","src.apps.users.tests","Mon Jun 09 20:51:54 GMT 2025","passed","Mon Jun 09 20:51:55 GMT 2025","TestPassword","test_password","",""
"","1","test_event_request_start_time_is_equal_end_time","src.apps.schedule.tests.unit.domain","Mon Jun 09 20:51:46 GMT 2025","passed","Mon Jun 09 20:51:46 GMT 2025","","test_schedule_request_data","",""
"","1","test_create_item_with_drawing_response_values_proportion_from_json[proportion2]","src.apps.activities.tests.unit.domain","Mon Jun 09 20:49:46 GMT 2025","passed","Mon Jun 09 20:49:46 GMT 2025","","test_activity_item_create","",""
"","1","test_filter_events__cross_day__start_weekday_and_end_weekday_are_the_same[date5-1]","src.apps.applets.tests.unit","Mon Jun 09 20:51:02 GMT 2025","passed","Mon Jun 09 20:51:02 GMT 2025","TestEventsPeriodicityWeekly","test_filter_schedule_events","",""
"","6","test_public_schedule__applet_is_not_public","src.apps.schedule.tests","Mon Jun 09 20:51:45 GMT 2025","passed","Mon Jun 09 20:51:45 GMT 2025","TestSchedule","test_schedule","",""
"","98","test_create_applet_with_flow_auto_assign","src.apps.applets.tests","Mon Jun 09 20:50:42 GMT 2025","passed","Mon Jun 09 20:50:42 GMT 2025","TestApplet","test_applet","",""
"","49","test_invite_existing_user[manager-editor-200-en]","src.apps.invitations","Mon Jun 09 20:51:20 GMT 2025","passed","Mon Jun 09 20:51:20 GMT 2025","TestInvite","test_invite","",""
"","37","test_unassign_multiple_assignments_with_flow","src.apps.activity_assignments.tests","Mon Jun 09 20:49:50 GMT 2025","passed","Mon Jun 09 20:49:50 GMT 2025","TestActivityAssignments","test_assignments","",""
"","23","test_generate_presigned_log_url__logs_are_uploaded_to_the_answer_bucket","src.apps.file","Mon Jun 09 20:51:10 GMT 2025","passed","Mon Jun 09 20:51:10 GMT 2025","TestAnswerActivityItems","test_file","",""
"","16","test_applet_access_link_create_by_coordinator","src.apps.applets.tests","Mon Jun 09 20:50:54 GMT 2025","passed","Mon Jun 09 20:50:54 GMT 2025","TestLink","test_applet_link","",""
"","0","test_initial_single_selection_with_timer","src.apps.activities.tests.unit","Mon Jun 09 20:49:46 GMT 2025","passed","Mon Jun 09 20:49:46 GMT 2025","","test_activity_item_change","",""
"","37","test_get_applet_latest_submissions_pagination","src.apps.answers.tests","Mon Jun 09 20:50:24 GMT 2025","passed","Mon Jun 09 20:50:24 GMT 2025","TestAnswerActivityItems","test_answers","",""
"","49","test_answer_activity_with_input_subject","src.apps.answers.tests","Mon Jun 09 20:49:52 GMT 2025","passed","Mon Jun 09 20:49:52 GMT 2025","TestAnswerActivityItems","test_answers","",""
"","296","test_delete_event_by_id__firebase_error_muted","src.apps.schedule.tests","Mon Jun 09 20:51:40 GMT 2025","passed","Mon Jun 09 20:51:41 GMT 2025","TestSchedule","test_schedule","",""
"","112","test_create_applet_with_each_activity_item[multi_select_item_create]","src.apps.applets.tests","Mon Jun 09 20:50:45 GMT 2025","passed","Mon Jun 09 20:50:45 GMT 2025","TestActivityItems","test_applet_activity_items","",""
"","48","test_invite_existing_user[manager-coordinator-200-el]","src.apps.invitations","Mon Jun 09 20:51:20 GMT 2025","passed","Mon Jun 09 20:51:20 GMT 2025","TestInvite","test_invite","",""
"","1","test_no_changes_in_versions","src.apps.activities.tests.unit","Mon Jun 09 20:49:47 GMT 2025","passed","Mon Jun 09 20:49:47 GMT 2025","","test_activity_item_change","",""
"","32","test_get_applet_answers_export_filter_by_respondent_id[lucy-0]","src.apps.answers.tests","Mon Jun 09 20:50:02 GMT 2025","passed","Mon Jun 09 20:50:02 GMT 2025","TestAnswerActivityItems","test_answers","",""
"","24","test_applet_activities","src.apps.answers.tests","Mon Jun 09 20:50:30 GMT 2025","passed","Mon Jun 09 20:50:30 GMT 2025","TestAnswerActivityItems","test_answers_arbitrary","",""
"","16","test_invitation_decline_wrong_invitation_does_not_exists","src.apps.invitations","Mon Jun 09 20:51:24 GMT 2025","passed","Mon Jun 09 20:51:24 GMT 2025","TestInvite","test_invite","",""
"","49","test_invite_existing_user[admin-respondent-200-en]","src.apps.invitations","Mon Jun 09 20:51:19 GMT 2025","passed","Mon Jun 09 20:51:19 GMT 2025","TestInvite","test_invite","",""
"","0","test_get_changes_applet_updated[report_server_ip-http://localhost-Server URL was set to http://localhost]","src.apps.applets.tests.unit","Mon Jun 09 20:51:00 GMT 2025","passed","Mon Jun 09 20:51:00 GMT 2025","","test_applet_changes","",""
"","16","test_set_encryption__encryption_already_set","src.apps.applets.tests","Mon Jun 09 20:50:38 GMT 2025","passed","Mon Jun 09 20:50:38 GMT 2025","TestApplet","test_applet","",""
"","2","test_event_request_with_fixed_notification__at_time_not_in_between_start_time_and_end_time[event_daily_data-out_of_range_time1]","src.apps.schedule.tests.unit.domain","Mon Jun 09 20:51:46 GMT 2025","passed","Mon Jun 09 20:51:46 GMT 2025","","test_schedule_request_data","",""
"","59","test_submission_get_export_data","src.apps.answers.tests","Mon Jun 09 20:50:19 GMT 2025","passed","Mon Jun 09 20:50:19 GMT 2025","TestAnswerActivityItems","test_answers","",""
"","0","test_initial_activity_activity_changes","src.apps.activities.tests.unit","Mon Jun 09 20:49:46 GMT 2025","passed","Mon Jun 09 20:49:46 GMT 2025","","test_activity_change","",""
"","1","test_event_request_with_reminder_notification__at_time_not_in_between_start_time_and_end_time[event_daily_data-out_of_range_time0]","src.apps.schedule.tests.unit.domain","Mon Jun 09 20:51:46 GMT 2025","passed","Mon Jun 09 20:51:46 GMT 2025","","test_schedule_request_data","",""
"","4","test_job_is_in_progress[retry]","src.apps.job.tests","Mon Jun 09 20:51:29 GMT 2025","passed","Mon Jun 09 20:51:29 GMT 2025","","test_jobs_services","",""
"","21","test_user_last_activity_workspace_respondent_retrieve","src.apps.workspaces.tests","Mon Jun 09 20:52:13 GMT 2025","passed","Mon Jun 09 20:52:13 GMT 2025","TestWorkspaces","test_workspaces","",""
"","20","test_create_log_use_none_value_if_attribute_null_at_first_log","src.apps.logs","Mon Jun 09 20:51:33 GMT 2025","passed","Mon Jun 09 20:51:33 GMT 2025","TestNotificationLogs","tests","",""
"","16","test_assigned_activities_editor[respondent]","src.apps.activities.tests","Mon Jun 09 20:49:42 GMT 2025","passed","Mon Jun 09 20:49:42 GMT 2025","TestActivities","test_activities","",""
"","1","test_integration_model","src.apps.integrations.tests.unit.domain","Mon Jun 09 20:51:18 GMT 2025","passed","Mon Jun 09 20:51:18 GMT 2025","","test_integration","",""
"","62","test_get_token_error_getting_token","src.apps.integrations.oneup_health.tests","Mon Jun 09 20:51:16 GMT 2025","passed","Mon Jun 09 20:51:16 GMT 2025","TestOneupHealth","test_oneup_health","",""
"","83","test_get_target_subjects_by_respondent_via_submission_as_owner[target]","src.apps.subjects.tests","Mon Jun 09 20:51:50 GMT 2025","passed","Mon Jun 09 20:51:50 GMT 2025","TestSubjects","tests","",""
"","2","test_update_encryption_by_applet_by_id","src.apps.applets.tests.unit","Mon Jun 09 20:51:00 GMT 2025","passed","Mon Jun 09 20:51:00 GMT 2025","","test_applet_crud","",""
"","551","test_create_two_different_sessions_prolific_respondent","src.apps.users.tests.unit","Mon Jun 09 20:52:06 GMT 2025","passed","Mon Jun 09 20:52:07 GMT 2025","","test_user_service","",""
"","31","test_validate_multiinformant_assessment_fail_target_subject_not_found","src.apps.answers.tests","Mon Jun 09 20:50:23 GMT 2025","passed","Mon Jun 09 20:50:23 GMT 2025","TestAnswerActivityItems","test_answers","",""
"","1","test_event_request_with_reminder_notification__at_time_not_in_between_start_time_and_end_time[event_once_data-out_of_range_time3]","src.apps.schedule.tests.unit.domain","Mon Jun 09 20:51:46 GMT 2025","passed","Mon Jun 09 20:51:46 GMT 2025","","test_schedule_request_data","",""
"","4","test_seed_duplicate_user_ids","src.apps.applets.tests","Mon Jun 09 20:50:58 GMT 2025","passed","Mon Jun 09 20:50:58 GMT 2025","TestAppletSeedV1","test_applet_seed","",""
"","63","test_get_target_subjects_by_respondent_excludes_deleted_assignment","src.apps.subjects.tests","Mon Jun 09 20:51:50 GMT 2025","passed","Mon Jun 09 20:51:50 GMT 2025","TestSubjects","tests","",""
"","2","test_get_by_id_version__not_found_no_id","src.apps.applets.tests.unit","Mon Jun 09 20:51:01 GMT 2025","passed","Mon Jun 09 20:51:01 GMT 2025","","test_applet_history_crud","",""
"","1","test_filter_events__start_date_is_last_day_of_month[date0-0]","src.apps.applets.tests.unit","Mon Jun 09 20:51:02 GMT 2025","passed","Mon Jun 09 20:51:02 GMT 2025","TestEventsPeriodicityMontly","test_filter_schedule_events","",""
"","147","test_update_applet_keep_flow_auto_assign","src.apps.applets.tests","Mon Jun 09 20:50:43 GMT 2025","passed","Mon Jun 09 20:50:43 GMT 2025","TestApplet","test_applet","",""
"","1","test_event_request_activity_or_flow_required","src.apps.schedule.tests.unit.domain","Mon Jun 09 20:51:45 GMT 2025","passed","Mon Jun 09 20:51:45 GMT 2025","","test_schedule_request_data","",""
"","0","test_validator_successful_create_outside_condition[payload0]","src.apps.activities.tests.unit.domain","Mon Jun 09 20:49:46 GMT 2025","passed","Mon Jun 09 20:49:46 GMT 2025","TestValidateItemFlow","test_custom_validation","",""
"","1","test_filter_events__cross_day[date1-1]","src.apps.applets.tests.unit","Mon Jun 09 20:51:02 GMT 2025","passed","Mon Jun 09 20:51:02 GMT 2025","TestEventsPeriodicityMontly","test_filter_schedule_events","",""
"","1","test_notification__order_is_applied_automically","src.apps.schedule.tests.unit.domain","Mon Jun 09 20:51:46 GMT 2025","passed","Mon Jun 09 20:51:46 GMT 2025","","test_schedule_request_data","",""
"","86","test_create_duplicate_name_applet[duPlicate Name]","src.apps.applets.tests","Mon Jun 09 20:50:36 GMT 2025","passed","Mon Jun 09 20:50:36 GMT 2025","TestApplet","test_applet","",""
"","14","test_editor_can_NOT_invite_new_reviewer_for_a_specific_respondent","src.apps.invitations","Mon Jun 09 20:51:28 GMT 2025","passed","Mon Jun 09 20:51:28 GMT 2025","TestInvite","test_invite","",""
"","1","test_successful_validation","src.apps.activities.tests.unit.domain","Mon Jun 09 20:49:46 GMT 2025","passed","Mon Jun 09 20:49:46 GMT 2025","TestValidateSubscales","test_custom_validation","",""
"","99","test_get_target_subjects_by_respondent_via_submission_as_coordinator","src.apps.subjects.tests","Mon Jun 09 20:51:50 GMT 2025","passed","Mon Jun 09 20:51:51 GMT 2025","TestSubjects","tests","",""
"","58","test_invite_existing_user[admin-respondent-200-fr]","src.apps.invitations","Mon Jun 09 20:51:19 GMT 2025","passed","Mon Jun 09 20:51:20 GMT 2025","TestInvite","test_invite","",""
"","19","test_answer_download_client_error__cdn_client_file_not_found_error","src.apps.file","Mon Jun 09 20:51:11 GMT 2025","passed","Mon Jun 09 20:51:11 GMT 2025","TestAnswerActivityItems","test_file","",""
"","29","test_summary_activity_order","src.apps.answers.tests","Mon Jun 09 20:50:16 GMT 2025","passed","Mon Jun 09 20:50:16 GMT 2025","TestAnswerActivityItems","test_answers","",""
"","65","test_library_get_all_search","src.apps.library","Mon Jun 09 20:51:30 GMT 2025","passed","Mon Jun 09 20:51:30 GMT 2025","TestLibrary","tests","",""
"","13","test_create_item_choice","src.apps.activities.tests","Mon Jun 09 20:49:45 GMT 2025","passed","Mon Jun 09 20:49:45 GMT 2025","TestReusableItem","test_reusable_items","",""
"","129","test_subject_assigned_activities_manually_assigned","src.apps.activities.tests","Mon Jun 09 20:49:41 GMT 2025","passed","Mon Jun 09 20:49:41 GMT 2025","TestActivities","test_activities","",""
"","73","test_resend_invitation_with_updates_for_respondent_with_pending_invitation","src.apps.invitations","Mon Jun 09 20:51:26 GMT 2025","passed","Mon Jun 09 20:51:26 GMT 2025","TestInvite","test_invite","",""
"","1","test_event_cross_day_with_fixed_notification__at_time_not_in_between_start_time_and_end_time[event_weekly_data-out_of_range_time2]","src.apps.schedule.tests.unit.domain","Mon Jun 09 20:51:46 GMT 2025","passed","Mon Jun 09 20:51:46 GMT 2025","","test_schedule_request_data","",""
"","1","test_validate_not_valid_hour_minute[<img src=""nothing"" onerror=""alert('Injected!');"">-<img src=""nothing"">]","src.apps.shared.test.unit","Mon Jun 09 20:51:46 GMT 2025","passed","Mon Jun 09 20:51:46 GMT 2025","","test_shared_custom_validation","",""
"","1","test_filter_events[date0-0]","src.apps.applets.tests.unit","Mon Jun 09 20:51:02 GMT 2025","passed","Mon Jun 09 20:51:02 GMT 2025","TestEventsPeriodicityWeekly","test_filter_schedule_events","",""
"","2","test_event_cross_day_with_reminder_notification__at_time_not_in_between_start_time_and_end_time[event_weekdays_data-out_of_range_time3]","src.apps.schedule.tests.unit.domain","Mon Jun 09 20:51:46 GMT 2025","passed","Mon Jun 09 20:51:46 GMT 2025","","test_schedule_request_data","",""
"","1","test_consent_update_request_model","src.apps.integrations.loris.tests","Mon Jun 09 20:51:14 GMT 2025","passed","Mon Jun 09 20:51:14 GMT 2025","","test_domain","",""
"","31","test_create_one_assignment[fr]","src.apps.activity_assignments.tests","Mon Jun 09 20:49:47 GMT 2025","passed","Mon Jun 09 20:49:47 GMT 2025","TestActivityAssignments","test_assignments","",""
"","26","test_summary_for_activity_flow_with_answer","src.apps.answers.tests","Mon Jun 09 20:50:09 GMT 2025","passed","Mon Jun 09 20:50:09 GMT 2025","TestAnswerActivityItems","test_answers","",""
"","72","test_include_ehr_parameter_in_data_endpoint","src.apps.answers.tests","Mon Jun 09 20:50:25 GMT 2025","passed","Mon Jun 09 20:50:25 GMT 2025","TestAnswerActivityItems","test_answers","",""
"","16","test_create_folder_by_manager","src.apps.folders","Mon Jun 09 20:51:13 GMT 2025","passed","Mon Jun 09 20:51:13 GMT 2025","TestFolder","test_folder","",""
"","0","test_create_slider_rows_item__add_scores__scores_not_for_all_values","src.apps.activities.tests.unit.domain","Mon Jun 09 20:49:46 GMT 2025","passed","Mon Jun 09 20:49:46 GMT 2025","","test_activity_item_create","",""
"","80","test_remove_individual_calendar","src.apps.schedule.tests","Mon Jun 09 20:51:38 GMT 2025","passed","Mon Jun 09 20:51:38 GMT 2025","TestSchedule","test_schedule","",""
"","83","test_create_applet__activity_with_subscale_settings__subscale_type_item","src.apps.applets.tests","Mon Jun 09 20:50:52 GMT 2025","passed","Mon Jun 09 20:50:52 GMT 2025","TestActivityItems","test_applet_activity_items","",""
"","34","test_library_share_with_empty_kw[kw0-exp_kw0-201-True]","src.apps.library","Mon Jun 09 20:51:32 GMT 2025","passed","Mon Jun 09 20:51:32 GMT 2025","TestLibrary","tests","",""
"","17","test_pin_applet_by_role_manager","src.apps.folders","Mon Jun 09 20:51:13 GMT 2025","passed","Mon Jun 09 20:51:13 GMT 2025","TestFolder","test_folder","",""
"","3","test_update_job_name","src.apps.job.tests","Mon Jun 09 20:51:29 GMT 2025","passed","Mon Jun 09 20:51:29 GMT 2025","","test_jobs_crud","",""
"","15","test_create_folder","src.apps.folders","Mon Jun 09 20:51:12 GMT 2025","passed","Mon Jun 09 20:51:12 GMT 2025","TestFolder","test_folder","",""
"","1","test_event_request_with_reminder_notification__at_time_not_in_between_start_time_and_end_time[event_daily_data-out_of_range_time1]","src.apps.schedule.tests.unit.domain","Mon Jun 09 20:51:46 GMT 2025","passed","Mon Jun 09 20:51:46 GMT 2025","","test_schedule_request_data","",""
"","0","test_text_item_config_correct_anser_required","src.apps.activities.tests.unit.domain","Mon Jun 09 20:49:46 GMT 2025","passed","Mon Jun 09 20:49:46 GMT 2025","","test_activity_item_create","",""
"","673","test_validate_multiinformant_assessment_success","src.apps.answers.tests","Mon Jun 09 20:50:21 GMT 2025","passed","Mon Jun 09 20:50:22 GMT 2025","TestAnswerActivityItems","test_answers","",""
"","3","test_get_applets_by_display_name__applet_not_found_by_name","src.apps.applets.tests.unit","Mon Jun 09 20:51:00 GMT 2025","passed","Mon Jun 09 20:51:00 GMT 2025","","test_applet_crud","",""
"","48","test_invite_new_user[reviewer-fr]","src.apps.invitations","Mon Jun 09 20:51:23 GMT 2025","passed","Mon Jun 09 20:51:23 GMT 2025","TestInvite","test_invite","",""
"","16","test_general_file_download_client_error__cdn_client_object_not_found_error","src.apps.file","Mon Jun 09 20:51:11 GMT 2025","passed","Mon Jun 09 20:51:11 GMT 2025","TestAnswerActivityItems","test_file","",""
"","1","test_validate_not_valid_hour_minute[<script>alert('Injected!');</script>-]","src.apps.shared.test.unit","Mon Jun 09 20:51:46 GMT 2025","passed","Mon Jun 09 20:51:46 GMT 2025","","test_shared_custom_validation","",""
"","29","test_schedule_get_all_for_respondent[lucy-1]","src.apps.schedule.tests","Mon Jun 09 20:51:35 GMT 2025","passed","Mon Jun 09 20:51:35 GMT 2025","TestSchedule","test_schedule","",""
"","1","test_create_item_single_select_row_option_with_image","src.apps.activities.tests.unit.domain","Mon Jun 09 20:49:46 GMT 2025","passed","Mon Jun 09 20:49:46 GMT 2025","","test_activity_item_create","",""
"","9","test_schedule_create_with_equal_start_end_time","src.apps.schedule.tests","Mon Jun 09 20:51:33 GMT 2025","passed","Mon Jun 09 20:51:33 GMT 2025","TestSchedule","test_schedule","",""
"","107","test_get_token_user_already_exists_success","src.apps.integrations.oneup_health.tests","Mon Jun 09 20:51:14 GMT 2025","passed","Mon Jun 09 20:51:14 GMT 2025","TestOneupHealth","test_oneup_health","",""
"","36","test_delete_by_id_individual_event__notification_sent_to_the_individual_respondent","src.apps.schedule.tests","Mon Jun 09 20:51:43 GMT 2025","passed","Mon Jun 09 20:51:43 GMT 2025","TestSchedule","test_schedule","",""
"","21","test_create_assignment_fail_wrong_activity","src.apps.activity_assignments.tests","Mon Jun 09 20:49:47 GMT 2025","passed","Mon Jun 09 20:49:47 GMT 2025","TestActivityAssignments","test_assignments","",""
"","1","test_new_activity_scores_and_reports_was_removed","src.apps.activities.tests.unit","Mon Jun 09 20:49:46 GMT 2025","passed","Mon Jun 09 20:49:46 GMT 2025","","test_activity_change","",""
"","5","test_get_user_by_email","src.apps.users.tests.unit","Mon Jun 09 20:52:03 GMT 2025","passed","Mon Jun 09 20:52:03 GMT 2025","","test_user_crud","",""
"","35","test_edit_note","src.apps.answers.tests","Mon Jun 09 20:50:01 GMT 2025","passed","Mon Jun 09 20:50:01 GMT 2025","TestAnswerActivityItems","test_answers","",""
"","2","test_get_job_by_name__job_does_not_exist_with_name","src.apps.job.tests","Mon Jun 09 20:51:29 GMT 2025","passed","Mon Jun 09 20:51:29 GMT 2025","","test_jobs_crud","",""
"","55","test_delete_user_events_in_individual_schedule","src.apps.schedule.tests","Mon Jun 09 20:51:36 GMT 2025","passed","Mon Jun 09 20:51:36 GMT 2025","TestSchedule","test_schedule","",""
"","112","test_create_applet_with_performance_task[actvitiy_cst_touch_create-touch]","src.apps.applets.tests","Mon Jun 09 20:50:49 GMT 2025","passed","Mon Jun 09 20:50:49 GMT 2025","TestActivityItems","test_applet_activity_items","",""
"","0","test_new_activity_version_no_changes","src.apps.activities.tests.unit","Mon Jun 09 20:49:46 GMT 2025","passed","Mon Jun 09 20:49:46 GMT 2025","","test_activity_change","",""
"","1","test_activitie_model","src.apps.integrations.loris.tests","Mon Jun 09 20:51:14 GMT 2025","passed","Mon Jun 09 20:51:14 GMT 2025","","test_domain","",""
"","1","test_single_select_row_response_values_not_valid_data_matrix_len_does_not_equal_len_rows","src.apps.activities.tests.unit.domain","Mon Jun 09 20:49:46 GMT 2025","passed","Mon Jun 09 20:49:46 GMT 2025","","test_activity_item_create","",""
"","1","test_event_request_with_random_notification__to_time_not_in_between_start_time_and_end_time[event_daily_data-not_valid_to1]","src.apps.schedule.tests.unit.domain","Mon Jun 09 20:51:46 GMT 2025","passed","Mon Jun 09 20:51:46 GMT 2025","","test_schedule_request_data","",""
"","33","test_duplicate_applet_name_already_exists","src.apps.applets.tests","Mon Jun 09 20:50:37 GMT 2025","passed","Mon Jun 09 20:50:37 GMT 2025","TestApplet","test_applet","",""
"","1","test_field_changed[is_hidden-True-Item Visibility was disabled]","src.apps.activities.tests.unit","Mon Jun 09 20:49:47 GMT 2025","passed","Mon Jun 09 20:49:47 GMT 2025","","test_activity_item_change","",""
"","45","test_get_target_subjects_by_respondent_no_assignments_or_submissions","src.apps.subjects.tests","Mon Jun 09 20:51:50 GMT 2025","passed","Mon Jun 09 20:51:50 GMT 2025","TestSubjects","tests","",""
"","11","test_create_applet__duplicate_flow_name","src.apps.applets.tests","Mon Jun 09 20:50:41 GMT 2025","passed","Mon Jun 09 20:50:41 GMT 2025","TestApplet","test_applet","",""
"","27","test_generate_presigned_url_for_answers_arbitrary","src.apps.file","Mon Jun 09 20:51:10 GMT 2025","passed","Mon Jun 09 20:51:10 GMT 2025","TestAnswerActivityItems","test_file","",""
"","32","test_validate_multiinformant_assessment_success_with_flow","src.apps.answers.tests","Mon Jun 09 20:50:22 GMT 2025","passed","Mon Jun 09 20:50:22 GMT 2025","TestAnswerActivityItems","test_answers","",""
"","12","test_update_password__reencryption_already_in_progress","src.apps.users.tests","Mon Jun 09 20:51:57 GMT 2025","passed","Mon Jun 09 20:51:57 GMT 2025","TestPassword","test_password","",""
"","1","test_is_last_day_of_month[date6-False]","src.apps.applets.tests.unit","Mon Jun 09 20:51:02 GMT 2025","passed","Mon Jun 09 20:51:02 GMT 2025","","test_filter_schedule_events","",""
"","23","test_re_decline_transfer","src.apps.transfer_ownership","Mon Jun 09 20:51:52 GMT 2025","passed","Mon Jun 09 20:51:52 GMT 2025","TestTransfer","tests","",""
"","3","test_create_access_link_login_required","src.apps.applets.tests.unit","Mon Jun 09 20:51:01 GMT 2025","passed","Mon Jun 09 20:51:01 GMT 2025","","test_applet_crud","",""
"","10","test_create_assignment_fail_both_activity_and_flow","src.apps.activity_assignments.tests","Mon Jun 09 20:49:47 GMT 2025","passed","Mon Jun 09 20:49:47 GMT 2025","TestActivityAssignments","test_assignments","",""
"","38","test_move_to_folder_applet_already_moved","src.apps.applets.tests","Mon Jun 09 20:50:53 GMT 2025","passed","Mon Jun 09 20:50:53 GMT 2025","TestAppletMoveToFolder","test_applet_folder","",""
"","21","test_library_share_version_exists","src.apps.library","Mon Jun 09 20:51:31 GMT 2025","passed","Mon Jun 09 20:51:31 GMT 2025","TestLibrary","tests","",""
"","33","test_refresh_token_success","src.apps.integrations.oneup_health.tests","Mon Jun 09 20:51:16 GMT 2025","passed","Mon Jun 09 20:51:16 GMT 2025","TestOneupHealth","test_oneup_health","",""
"","20","test_download_logs","src.apps.file","Mon Jun 09 20:51:12 GMT 2025","passed","Mon Jun 09 20:51:12 GMT 2025","TestAnswerActivityItems","test_file","",""
"","61","test_publish_conceal_applet","src.apps.applets.tests","Mon Jun 09 20:50:37 GMT 2025","passed","Mon Jun 09 20:50:37 GMT 2025","TestApplet","test_applet","",""
"","1","test_filter_events[date0-0]","src.apps.applets.tests.unit","Mon Jun 09 20:51:02 GMT 2025","passed","Mon Jun 09 20:51:02 GMT 2025","TestEventsPeriodicityWeekdays","test_filter_schedule_events","",""
"","73","test_get_library_item_by_lib_id_library_does_not_exist","src.apps.library","Mon Jun 09 20:51:32 GMT 2025","passed","Mon Jun 09 20:51:32 GMT 2025","TestLibrary","tests","",""
"","33","test_unassign_fail_both_activity_and_flow","src.apps.activity_assignments.tests","Mon Jun 09 20:49:50 GMT 2025","passed","Mon Jun 09 20:49:50 GMT 2025","TestActivityAssignments","test_assignments","",""
"","58","test_manager_invite_if_duplicate_email_and_role_not_accepted[manager]","src.apps.invitations","Mon Jun 09 20:51:24 GMT 2025","passed","Mon Jun 09 20:51:24 GMT 2025","TestInvite","test_invite","",""
"","1","test_items_score_conditional_logic_not_in_item_names","src.apps.activities.tests.unit.domain","Mon Jun 09 20:49:46 GMT 2025","passed","Mon Jun 09 20:49:46 GMT 2025","TestValidateScoreAndSections","test_custom_validation","",""
"","2","test_event_request_with_reminder_notification__at_time_not_in_between_start_time_and_end_time[event_weekly_data-out_of_range_time4]","src.apps.schedule.tests.unit.domain","Mon Jun 09 20:51:46 GMT 2025","passed","Mon Jun 09 20:51:46 GMT 2025","","test_schedule_request_data","",""
"","25","test_get_subject_coordinator","src.apps.subjects.tests","Mon Jun 09 20:51:48 GMT 2025","passed","Mon Jun 09 20:51:48 GMT 2025","TestSubjects","tests","",""
"","0","test_create_item__reponse_type_absent","src.apps.activities.tests.unit.domain","Mon Jun 09 20:49:46 GMT 2025","passed","Mon Jun 09 20:49:46 GMT 2025","","test_activity_item_create","",""
"","27","test_get_summary_activity_list_admin_with_role_reviewer_and_any_other_manager_role_can_view_summary","src.apps.answers.tests","Mon Jun 09 20:50:12 GMT 2025","passed","Mon Jun 09 20:50:12 GMT 2025","TestAnswerActivityItems","test_answers","",""
"","31","test_answer_reviewer_count_for_one_other_review","src.apps.answers.tests","Mon Jun 09 20:50:07 GMT 2025","passed","Mon Jun 09 20:50:07 GMT 2025","TestAnswerActivityItems","test_answers","",""
"","47","test_get_applet_latest_submissions_with_deleted_subjects","src.apps.answers.tests","Mon Jun 09 20:50:24 GMT 2025","passed","Mon Jun 09 20:50:24 GMT 2025","TestAnswerActivityItems","test_answers","",""
"","2","test_get_by_id_version","src.apps.applets.tests.unit","Mon Jun 09 20:51:01 GMT 2025","passed","Mon Jun 09 20:51:01 GMT 2025","","test_applet_history_crud","",""
"","119","test_shell_reinvite","src.apps.invitations","Mon Jun 09 20:51:28 GMT 2025","passed","Mon Jun 09 20:51:28 GMT 2025","TestInvite","test_invite","",""
"","47","test_applet_assessment_create","src.apps.answers.tests","Mon Jun 09 20:50:00 GMT 2025","passed","Mon Jun 09 20:50:00 GMT 2025","TestAnswerActivityItems","test_answers","",""
"","92","test_create_applet_without_flow_auto_assign","src.apps.applets.tests","Mon Jun 09 20:50:42 GMT 2025","passed","Mon Jun 09 20:50:42 GMT 2025","TestApplet","test_applet","",""
"","32","test_applet_activity_answers_empty_identifiers_filter[query3-1]","src.apps.answers.tests","Mon Jun 09 20:50:20 GMT 2025","passed","Mon Jun 09 20:50:20 GMT 2025","TestAnswerActivityItems","test_answers","",""
"","88","test_answer_get_export_data__only_last_activity","src.apps.answers.tests","Mon Jun 09 20:49:58 GMT 2025","passed","Mon Jun 09 20:49:58 GMT 2025","TestAnswerActivityItems","test_answers","",""
"","3","test_token_is_revoked","src.apps.authentication.tests.unit","Mon Jun 09 20:51:09 GMT 2025","passed","Mon Jun 09 20:51:09 GMT 2025","TestTokenService","test_auth_service","",""
"","101","test_create_applet_with_each_activity_item[photo_item_create]","src.apps.applets.tests","Mon Jun 09 20:50:46 GMT 2025","passed","Mon Jun 09 20:50:46 GMT 2025","TestActivityItems","test_applet_activity_items","",""
"","2","test_event_cross_day_with_random_notification__to_time_not_in_between_start_time_and_end_time[event_daily_data-not_valid_to0]","src.apps.schedule.tests.unit.domain","Mon Jun 09 20:51:46 GMT 2025","passed","Mon Jun 09 20:51:46 GMT 2025","","test_schedule_request_data","",""
"","1","test_event_request_periodicity_always_one_time_completion_required","src.apps.schedule.tests.unit.domain","Mon Jun 09 20:51:45 GMT 2025","passed","Mon Jun 09 20:51:45 GMT 2025","","test_schedule_request_data","",""
"","60","test_workspace_respondent_list_with_subjects","src.apps.workspaces.tests","Mon Jun 09 20:52:12 GMT 2025","passed","Mon Jun 09 20:52:13 GMT 2025","TestWorkspaces","test_workspaces","",""
"","22","test_create_assignment_fail_wrong_flow","src.apps.activity_assignments.tests","Mon Jun 09 20:49:47 GMT 2025","passed","Mon Jun 09 20:49:47 GMT 2025","TestActivityAssignments","test_assignments","",""
"","25","test_activities_flows_applet","src.apps.activities.tests","Mon Jun 09 20:49:40 GMT 2025","passed","Mon Jun 09 20:49:40 GMT 2025","TestActivities","test_activities","",""
"","1","test_incorrect_conditional_option","src.apps.activities.tests.unit.domain","Mon Jun 09 20:49:46 GMT 2025","passed","Mon Jun 09 20:49:46 GMT 2025","TestValidateItemFlow","test_custom_validation","",""
"","5","test_get_name_duplicates__exclude_applet[False-1]","src.apps.applets.tests.unit","Mon Jun 09 20:51:01 GMT 2025","passed","Mon Jun 09 20:51:01 GMT 2025","","test_applet_crud","",""
"","162","test_pin_workspace_respondents","src.apps.workspaces.tests","Mon Jun 09 20:52:10 GMT 2025","passed","Mon Jun 09 20:52:11 GMT 2025","TestWorkspaces","test_workspaces","",""
"","1","test_get_local_tz__exception[headers0-True-X-Timezone header value required]","src.infrastructure.tests.unit.http","Mon Jun 09 20:52:13 GMT 2025","passed","Mon Jun 09 20:52:13 GMT 2025","","test_deps","",""
"","38","test_update_applet_activity_flow_report_config","src.apps.applets.tests","Mon Jun 09 20:50:43 GMT 2025","passed","Mon Jun 09 20:50:43 GMT 2025","TestApplet","test_applet","",""
"","17","test_assigned_activities_participant_other[respondent]","src.apps.activities.tests","Mon Jun 09 20:49:42 GMT 2025","passed","Mon Jun 09 20:49:42 GMT 2025","TestActivities","test_activities","",""
"","6","test_get_user_by_email__user_deleted","src.apps.users.tests.unit","Mon Jun 09 20:52:03 GMT 2025","passed","Mon Jun 09 20:52:03 GMT 2025","","test_user_crud","",""
"","1","test_items_sections_conditional_logic_item","src.apps.activities.tests.unit.domain","Mon Jun 09 20:49:46 GMT 2025","passed","Mon Jun 09 20:49:46 GMT 2025","TestValidateScoreAndSections","test_custom_validation","",""
"","6","test_user_exists_by_id__user_deleted","src.apps.users.tests.unit","Mon Jun 09 20:52:04 GMT 2025","passed","Mon Jun 09 20:52:04 GMT 2025","","test_user_crud","",""
"","0","test_new_activity_order_was_changed","src.apps.activities.tests.unit","Mon Jun 09 20:49:46 GMT 2025","passed","Mon Jun 09 20:49:46 GMT 2025","","test_activity_change","",""
"","1","test_filter_events__cross_day__start_weekday_and_end_weekday_are_the_same[date2-1]","src.apps.applets.tests.unit","Mon Jun 09 20:51:02 GMT 2025","passed","Mon Jun 09 20:51:02 GMT 2025","TestEventsPeriodicityWeekly","test_filter_schedule_events","",""
"","15","test_create_applet_in_another_workspace_not_owner_user_does_not_have_role_to_create_applet","src.apps.applets.tests","Mon Jun 09 20:50:39 GMT 2025","passed","Mon Jun 09 20:50:39 GMT 2025","TestApplet","test_applet","",""
"","1","test_single_selection_additional_option_enabled[text_input_option-Add Text Input Option was enabled]","src.apps.activities.tests.unit","Mon Jun 09 20:49:47 GMT 2025","passed","Mon Jun 09 20:49:47 GMT 2025","","test_activity_item_change","",""
"","77","test_delete_all_schedules_twice","src.apps.schedule.tests","Mon Jun 09 20:51:43 GMT 2025","passed","Mon Jun 09 20:51:43 GMT 2025","TestSchedule","test_schedule","",""
"","1","test_event_request__notification_reminder__reminder_time_absent","src.apps.schedule.tests.unit.domain","Mon Jun 09 20:51:46 GMT 2025","passed","Mon Jun 09 20:51:46 GMT 2025","","test_schedule_request_data","",""
"","1","test_create_slider_rows_item_with_scores","src.apps.activities.tests.unit.domain","Mon Jun 09 20:49:46 GMT 2025","passed","Mon Jun 09 20:49:46 GMT 2025","","test_activity_item_create","",""
"","2","test_time_range_logic","src.apps.activities.tests.unit.domain","Mon Jun 09 20:49:46 GMT 2025","passed","Mon Jun 09 20:49:46 GMT 2025","","test_activity_item_create","",""
"","1","test_filter_events__cross_day_event__start_date_and_and_date_is_last_day_of_month[date1-1]","src.apps.applets.tests.unit","Mon Jun 09 20:51:02 GMT 2025","passed","Mon Jun 09 20:51:02 GMT 2025","TestEventsPeriodicityMontly","test_filter_schedule_events","",""
"","13","test_create_applet__only_one_reviewable_activity_allowed","src.apps.applets.tests","Mon Jun 09 20:50:41 GMT 2025","passed","Mon Jun 09 20:50:41 GMT 2025","TestApplet","test_applet","",""
"","4","test_create_user_not_valid_email","src.apps.users.tests","Mon Jun 09 20:52:03 GMT 2025","passed","Mon Jun 09 20:52:03 GMT 2025","TestUser","test_user","",""
"","1","test_filter_events__cross_day_event[1-1]","src.apps.applets.tests.unit","Mon Jun 09 20:51:02 GMT 2025","passed","Mon Jun 09 20:51:02 GMT 2025","TestEventsPeriodicityOnce","test_filter_schedule_events","",""
"","0","test_too_long_float_value_error","src.apps.activities.tests.unit.domain","Mon Jun 09 20:49:46 GMT 2025","passed","Mon Jun 09 20:49:46 GMT 2025","TestValidateRawScoreSubscale","test_custom_validation_subscale","",""
"","1","test_public_consent_model","src.apps.integrations.loris.tests","Mon Jun 09 20:51:14 GMT 2025","passed","Mon Jun 09 20:51:14 GMT 2025","","test_domain","",""
"","32","test_cart_search[Two-applet_three-1-10]","src.apps.library","Mon Jun 09 20:51:31 GMT 2025","passed","Mon Jun 09 20:51:31 GMT 2025","TestLibrary","tests","",""
"","1","test_filter_events[date5-1]","src.apps.applets.tests.unit","Mon Jun 09 20:51:02 GMT 2025","passed","Mon Jun 09 20:51:02 GMT 2025","TestEventsPeriodicityWeekdays","test_filter_schedule_events","",""
"","56","test_invite_existing_user[manager-coordinator-200-fr]","src.apps.invitations","Mon Jun 09 20:51:20 GMT 2025","passed","Mon Jun 09 20:51:20 GMT 2025","TestInvite","test_invite","",""
"","30","test_presign_answer_url","src.apps.file","Mon Jun 09 20:51:11 GMT 2025","passed","Mon Jun 09 20:51:11 GMT 2025","TestAnswerActivityItems","test_file","",""
"","281","test_refresh_access_token__refresh_token_is_expired","src.apps.authentication.tests","Mon Jun 09 20:51:05 GMT 2025","passed","Mon Jun 09 20:51:05 GMT 2025","TestAuthentication","test_auth","",""
"","56","test_summary_activities_submitted_date_with_answers","src.apps.answers.tests","Mon Jun 09 20:50:06 GMT 2025","passed","Mon Jun 09 20:50:06 GMT 2025","TestAnswerActivityItems","test_answers","",""
"","25","test_owner_can_view_all_reviews_other_can_see_empty_encrypted_data[tom-owner]","src.apps.answers.tests","Mon Jun 09 20:50:07 GMT 2025","passed","Mon Jun 09 20:50:07 GMT 2025","TestAnswerActivityItems","test_answers","",""
"","0","test_initial_activity_hidden_activity_change","src.apps.activities.tests.unit","Mon Jun 09 20:49:46 GMT 2025","passed","Mon Jun 09 20:49:46 GMT 2025","","test_activity_change","",""
"","3","test_job_is_not_in_progress[success]","src.apps.job.tests","Mon Jun 09 20:51:29 GMT 2025","passed","Mon Jun 09 20:51:29 GMT 2025","","test_jobs_services","",""
"","27","test_owner_can_view_all_reviews_other_can_see_empty_encrypted_data[bob-reviewer]","src.apps.answers.tests","Mon Jun 09 20:50:07 GMT 2025","passed","Mon Jun 09 20:50:07 GMT 2025","TestAnswerActivityItems","test_answers","",""
"","24","test_applet_access_link_delete_create","src.apps.applets.tests","Mon Jun 09 20:50:54 GMT 2025","passed","Mon Jun 09 20:50:54 GMT 2025","TestLink","test_applet_link","",""
"","36","test_assignment_list_by_applet_success","src.apps.activity_assignments.tests","Mon Jun 09 20:49:48 GMT 2025","passed","Mon Jun 09 20:49:48 GMT 2025","TestActivityAssignments","test_assignments","",""
"","14","test_get_or_create_owned__create_job_default_status_is_pending","src.apps.job.tests","Mon Jun 09 20:51:30 GMT 2025","passed","Mon Jun 09 20:51:30 GMT 2025","","test_jobs_services","",""
"","92","test_answer_activity_items_create_for_respondent","src.apps.answers.tests","Mon Jun 09 20:50:25 GMT 2025","passed","Mon Jun 09 20:50:26 GMT 2025","TestAnswerActivityItems","test_answers_arbitrary","",""
"","272","test_authenticate_user__creds_are_not_valid","src.apps.authentication.tests.unit","Mon Jun 09 20:51:08 GMT 2025","passed","Mon Jun 09 20:51:08 GMT 2025","TestAuthService","test_auth_service","",""
"","1","test_user_create_request","src.apps.users.tests.unit","Mon Jun 09 20:52:04 GMT 2025","passed","Mon Jun 09 20:52:04 GMT 2025","","test_user_domain","",""
"","33","test_activity_answers_by_identifier","src.apps.answers.tests","Mon Jun 09 20:50:33 GMT 2025","passed","Mon Jun 09 20:50:33 GMT 2025","TestAnswerActivityItems","test_answers_arbitrary","",""
"","1","test_user_get_full_name__no_last_name","src.apps.users.tests.unit","Mon Jun 09 20:52:05 GMT 2025","passed","Mon Jun 09 20:52:05 GMT 2025","","test_user_domain","",""
"","1","test_event_request_periodicity_not_always_no_required_fields[event_weekly_data-end_time]","src.apps.schedule.tests.unit.domain","Mon Jun 09 20:51:46 GMT 2025","passed","Mon Jun 09 20:51:46 GMT 2025","","test_schedule_request_data","",""
"","61","test_answer_skippable_activity_items_create_for_respondent","src.apps.answers.tests","Mon Jun 09 20:50:26 GMT 2025","passed","Mon Jun 09 20:50:26 GMT 2025","TestAnswerActivityItems","test_answers_arbitrary","",""
"","7","test_private_invitation_retrieve","src.apps.invitations","Mon Jun 09 20:51:24 GMT 2025","passed","Mon Jun 09 20:51:24 GMT 2025","TestInvite","test_invite","",""
"","1","test_validate_not_valid_hour_minute[<table data-line=""44"">\n                <thead>\n                    <tr>\n                        <th>nickname</th>\n                        <th>from</th>\n                    </tr>\n                </thead>\n                <tbody>\n                    <tr>\n                        <td>Demo</td>\n                        <td>TX, USA</td>\n                    </tr>\n                </tbody>\n                </table>-<table data-line=""44"">\n                <thead>\n                    <tr>\n                        <th>nickname</th>\n                        <th>from</th>\n                    </tr>\n                </thead>\n                <tbody>\n                    <tr>\n                        <td>Demo</td>\n                        <td>TX, USA</td>\n                    </tr>\n                </tbody>\n                </table>]","src.apps.shared.test.unit","Mon Jun 09 20:51:46 GMT 2025","passed","Mon Jun 09 20:51:46 GMT 2025","","test_shared_custom_validation","",""
"","16","test_get_managers_priority_roles_user_does_not_have_access_to_the_applet","src.apps.workspaces.tests","Mon Jun 09 20:52:12 GMT 2025","passed","Mon Jun 09 20:52:12 GMT 2025","TestWorkspaces","test_workspaces","",""
"","1","test_validate_not_valid_hour_minute[<ul class=""contain""><li class=""task""><input class=""item"" disabled type=""checkbox""> Friday</li></ul>-<ul class=""contain""><li class=""task""> Friday</li></ul>]","src.apps.shared.test.unit","Mon Jun 09 20:51:46 GMT 2025","passed","Mon Jun 09 20:51:46 GMT 2025","","test_shared_custom_validation","",""
"","1","test_filter_events[date2-1]","src.apps.applets.tests.unit","Mon Jun 09 20:51:02 GMT 2025","passed","Mon Jun 09 20:51:02 GMT 2025","TestEventsPeriodicityWeekdays","test_filter_schedule_events","",""
"","1","test_filter_events__cross_day__start_weekday_and_end_weekday_are_not_the_same[date4-0]","src.apps.applets.tests.unit","Mon Jun 09 20:51:02 GMT 2025","passed","Mon Jun 09 20:51:02 GMT 2025","TestEventsPeriodicityWeekly","test_filter_schedule_events","",""
"","18","test_create_assignment_fail_wrong_respondent","src.apps.activity_assignments.tests","Mon Jun 09 20:49:48 GMT 2025","passed","Mon Jun 09 20:49:48 GMT 2025","TestActivityAssignments","test_assignments","",""
"","2","test_get_by_ml_user_id","src.apps.integrations.loris.tests","Mon Jun 09 20:51:14 GMT 2025","passed","Mon Jun 09 20:51:14 GMT 2025","","test_crud_relationship","",""
"","10","test_create_item_choice_with_long_int_value","src.apps.activities.tests","Mon Jun 09 20:49:46 GMT 2025","passed","Mon Jun 09 20:49:46 GMT 2025","TestReusableItem","test_reusable_items","",""
"","1","test_consent_model","src.apps.integrations.loris.tests","Mon Jun 09 20:51:14 GMT 2025","passed","Mon Jun 09 20:51:14 GMT 2025","","test_domain","",""
"","35","test_create_one_unassignment","src.apps.activity_assignments.tests","Mon Jun 09 20:49:49 GMT 2025","passed","Mon Jun 09 20:49:50 GMT 2025","TestActivityAssignments","test_assignments","",""
"","1","test_event_request_periodicity_not_always_no_required_fields[event_weekly_data-access_before_schedule]","src.apps.schedule.tests.unit.domain","Mon Jun 09 20:51:46 GMT 2025","passed","Mon Jun 09 20:51:46 GMT 2025","","test_schedule_request_data","",""
"","36","test_check_existence_answer_submit_same_time","src.apps.answers.tests","Mon Jun 09 20:50:05 GMT 2025","passed","Mon Jun 09 20:50:05 GMT 2025","TestAnswerActivityItems","test_answers","",""
"","1","test_subscale_item_type_error","src.apps.activities.tests.unit.domain","Mon Jun 09 20:49:46 GMT 2025","passed","Mon Jun 09 20:49:46 GMT 2025","TestValidateSubscales","test_custom_validation","",""
"","204","test_reencrypt_answers_no_applets_job_started_with_status_in_progress","src.apps.users.tests","Mon Jun 09 20:51:57 GMT 2025","passed","Mon Jun 09 20:51:57 GMT 2025","","test_reencrypt_user_answers","",""
"","25","test_create_log_use_previous_value_if_attribute_null[description0-None-None]","src.apps.logs","Mon Jun 09 20:51:32 GMT 2025","passed","Mon Jun 09 20:51:32 GMT 2025","TestNotificationLogs","tests","",""
"","34","test_applet_activity_answers_empty_identifiers_filter[query2-2]","src.apps.answers.tests","Mon Jun 09 20:50:20 GMT 2025","passed","Mon Jun 09 20:50:20 GMT 2025","TestAnswerActivityItems","test_answers","",""
"","0","test_duplicated_name_is_not_allowed[score-DuplicateScoreNameError]","src.apps.activities.tests.unit.domain","Mon Jun 09 20:49:46 GMT 2025","passed","Mon Jun 09 20:49:46 GMT 2025","","test_scores_reports","",""
"","18","test_applet_assessment_delete_for_submission","src.apps.answers.tests","Mon Jun 09 20:50:17 GMT 2025","passed","Mon Jun 09 20:50:17 GMT 2025","TestAnswerActivityItems","test_answers","",""
"","23","test_create_log_use_previous_non_null_if_attribute_null","src.apps.logs","Mon Jun 09 20:51:33 GMT 2025","passed","Mon Jun 09 20:51:33 GMT 2025","TestNotificationLogs","tests","",""
"","315","test_seed_existing_applet_name","src.apps.applets.tests","Mon Jun 09 20:50:58 GMT 2025","passed","Mon Jun 09 20:50:59 GMT 2025","TestAppletSeedV1","test_applet_seed","",""
"","272","test_openapi_auth__not_valid_password","src.apps.authentication.tests.unit","Mon Jun 09 20:51:06 GMT 2025","passed","Mon Jun 09 20:51:06 GMT 2025","","test_auth_deps","",""
"","14","test_token_revoke[access_token_internal-access]","src.apps.authentication.tests.unit","Mon Jun 09 20:51:09 GMT 2025","passed","Mon Jun 09 20:51:09 GMT 2025","TestTokenService","test_auth_service","",""
"","1","test_get_changes_applet_updated[description-value0-Applet Description was set to NEW]","src.apps.applets.tests.unit","Mon Jun 09 20:51:00 GMT 2025","passed","Mon Jun 09 20:51:00 GMT 2025","","test_applet_changes","",""
"","1","test_event_request_with_reminder_notification__at_time_not_in_between_start_time_and_end_time[event_once_data-out_of_range_time2]","src.apps.schedule.tests.unit.domain","Mon Jun 09 20:51:46 GMT 2025","passed","Mon Jun 09 20:51:46 GMT 2025","","test_schedule_request_data","",""
"","1","test_score_conditional_logic_condition_item_name_is_not_the_same_with_score_id","src.apps.activities.tests.unit.domain","Mon Jun 09 20:49:46 GMT 2025","passed","Mon Jun 09 20:49:46 GMT 2025","","test_scores_reports","",""
"","45","test_get_flow_submissions_review_count[lucy-0-1]","src.apps.answers.tests","Mon Jun 09 20:50:18 GMT 2025","passed","Mon Jun 09 20:50:18 GMT 2025","TestAnswerActivityItems","test_answers","",""
"","1","test_filter_events__cross_day__start_weekday_and_end_weekday_are_not_the_same[date6-0]","src.apps.applets.tests.unit","Mon Jun 09 20:51:02 GMT 2025","passed","Mon Jun 09 20:51:02 GMT 2025","TestEventsPeriodicityWeekly","test_filter_schedule_events","",""
"","3","test_user_exists_by_id","src.apps.users.tests.unit","Mon Jun 09 20:52:04 GMT 2025","passed","Mon Jun 09 20:52:04 GMT 2025","","test_user_crud","",""
"","21","test_remove_from_folder","src.apps.applets.tests","Mon Jun 09 20:50:53 GMT 2025","passed","Mon Jun 09 20:50:53 GMT 2025","TestAppletMoveToFolder","test_applet_folder","",""
"","19","test_library_check_name","src.apps.library","Mon Jun 09 20:51:30 GMT 2025","passed","Mon Jun 09 20:51:30 GMT 2025","TestLibrary","tests","",""
"","43","test_get_flow_submissions_filters[0-query_params1-1]","src.apps.answers.tests","Mon Jun 09 20:50:11 GMT 2025","passed","Mon Jun 09 20:50:11 GMT 2025","TestAnswerActivityItems","test_answers","",""
"","34","test_get_flow_submissions_incomplete","src.apps.answers.tests","Mon Jun 09 20:50:10 GMT 2025","passed","Mon Jun 09 20:50:10 GMT 2025","TestAnswerActivityItems","test_answers","",""
"","41","test_invite_existing_user[admin-editor-200-en]","src.apps.invitations","Mon Jun 09 20:51:19 GMT 2025","passed","Mon Jun 09 20:51:19 GMT 2025","TestInvite","test_invite","",""
"Test that the task retries when a connection error occurs during user data ingestion.","206","test_task_retries_on_connection_error","src.apps.integrations.oneup_health.tests","Mon Jun 09 20:51:18 GMT 2025","passed","Mon Jun 09 20:51:18 GMT 2025","TestTaskIngestUserData","test_task","",""
"","21","test_pin_applet_applet_not_in_folder","src.apps.folders","Mon Jun 09 20:51:13 GMT 2025","passed","Mon Jun 09 20:51:13 GMT 2025","TestFolder","test_folder","",""
"","2","test_event_request_periodicity_not_always_no_required_fields[event_once_data-start_time]","src.apps.schedule.tests.unit.domain","Mon Jun 09 20:51:45 GMT 2025","passed","Mon Jun 09 20:51:45 GMT 2025","","test_schedule_request_data","",""
"","22","test_create_subject","src.apps.subjects.tests","Mon Jun 09 20:51:46 GMT 2025","passed","Mon Jun 09 20:51:46 GMT 2025","TestSubjects","tests","",""
"","275","test_create_user","src.apps.users.tests.unit","Mon Jun 09 20:52:07 GMT 2025","passed","Mon Jun 09 20:52:07 GMT 2025","","test_user_service","",""
"","1","test_event_request_with_random_notification__to_time_not_in_between_start_time_and_end_time[event_monthly_data-not_valid_to9]","src.apps.schedule.tests.unit.domain","Mon Jun 09 20:51:46 GMT 2025","passed","Mon Jun 09 20:51:46 GMT 2025","","test_schedule_request_data","",""
"","72","test_accept_transfer_report_settings_are_kept","src.apps.transfer_ownership","Mon Jun 09 20:51:53 GMT 2025","passed","Mon Jun 09 20:51:53 GMT 2025","TestTransfer","tests","",""
"","28","test_get_applet_answers_export_filter_by_respondent_id[lucy-0]","src.apps.answers.tests","Mon Jun 09 20:50:31 GMT 2025","passed","Mon Jun 09 20:50:31 GMT 2025","TestAnswerActivityItems","test_answers_arbitrary","",""
"","1","test_validator_successful_create_ne_condition[payload0]","src.apps.activities.tests.unit.domain","Mon Jun 09 20:49:46 GMT 2025","passed","Mon Jun 09 20:49:46 GMT 2025","TestValidateItemFlow","test_custom_validation","",""
"","34","test_delete_note","src.apps.answers.tests","Mon Jun 09 20:50:31 GMT 2025","passed","Mon Jun 09 20:50:31 GMT 2025","TestAnswerActivityItems","test_answers_arbitrary","",""
"","93","test_create_applet_with_each_activity_item[text_item_create]","src.apps.applets.tests","Mon Jun 09 20:50:46 GMT 2025","passed","Mon Jun 09 20:50:46 GMT 2025","TestActivityItems","test_applet_activity_items","",""
"","14","test_get_applet_unique_name__name_already_used_case_insensitive","src.apps.applets.tests","Mon Jun 09 20:50:39 GMT 2025","passed","Mon Jun 09 20:50:39 GMT 2025","TestApplet","test_applet","",""
"","30","test_subject_assigned_activities_auto_assigned","src.apps.activities.tests","Mon Jun 09 20:49:41 GMT 2025","passed","Mon Jun 09 20:49:41 GMT 2025","TestActivities","test_activities","",""
"","27","test_submission_get_reviews","src.apps.answers.tests","Mon Jun 09 20:50:19 GMT 2025","passed","Mon Jun 09 20:50:19 GMT 2025","TestAnswerActivityItems","test_answers","",""
"","50","test_answered_applet_activities_1","src.apps.answers.tests","Mon Jun 09 20:49:59 GMT 2025","passed","Mon Jun 09 20:49:59 GMT 2025","TestAnswerActivityItems","test_answers","",""
"","1","test_get_current_user_for_ws__not_valid_token_type","src.apps.authentication.tests.unit","Mon Jun 09 20:51:05 GMT 2025","passed","Mon Jun 09 20:51:05 GMT 2025","","test_auth_deps","",""
"","4","test_set_report_configuration","src.apps.applets.tests.unit","Mon Jun 09 20:51:01 GMT 2025","passed","Mon Jun 09 20:51:01 GMT 2025","","test_applet_crud","",""
"","307","test_update_event__firefase_error_muted","src.apps.schedule.tests","Mon Jun 09 20:51:41 GMT 2025","passed","Mon Jun 09 20:51:41 GMT 2025","TestSchedule","test_schedule","",""
"","27","test_move_to_folder","src.apps.applets.tests","Mon Jun 09 20:50:53 GMT 2025","passed","Mon Jun 09 20:50:53 GMT 2025","TestAppletMoveToFolder","test_applet_folder","",""
"","11","test_applet_delete__applet_does_not_exists","src.apps.applets.tests","Mon Jun 09 20:50:38 GMT 2025","passed","Mon Jun 09 20:50:38 GMT 2025","TestApplet","test_applet","",""
"","14","test_review_flows_one_answer_without_target_subject_id","src.apps.answers.tests","Mon Jun 09 20:50:13 GMT 2025","passed","Mon Jun 09 20:50:13 GMT 2025","TestAnswerActivityItems","test_answers","",""
"","8","test_seed_duplicate_applet_ids","src.apps.applets.tests","Mon Jun 09 20:50:58 GMT 2025","passed","Mon Jun 09 20:50:58 GMT 2025","TestAppletSeedV1","test_applet_seed","",""
"","1098","test_update_applet__firebase_error_muted","src.apps.applets.tests","Mon Jun 09 20:50:39 GMT 2025","passed","Mon Jun 09 20:50:40 GMT 2025","TestApplet","test_applet","",""
"","274","test_create_user_with_test_id","src.apps.users.tests.unit","Mon Jun 09 20:52:07 GMT 2025","passed","Mon Jun 09 20:52:08 GMT 2025","","test_user_service","",""
"","35","test_error_try_delete_subject_by_not_owner[lucy-200]","src.apps.subjects.tests","Mon Jun 09 20:51:48 GMT 2025","passed","Mon Jun 09 20:51:48 GMT 2025","TestSubjects","tests","",""
"","1","test_peridocity_selected_date_is_required[MONTHLY]","src.apps.schedule.tests.unit.domain","Mon Jun 09 20:51:46 GMT 2025","passed","Mon Jun 09 20:51:46 GMT 2025","","test_schedule_request_data","",""
"","24","test_add_to_cart","src.apps.library","Mon Jun 09 20:51:30 GMT 2025","passed","Mon Jun 09 20:51:30 GMT 2025","TestLibrary","tests","",""
"","21","test_create_log_allow_empty_array","src.apps.logs","Mon Jun 09 20:51:33 GMT 2025","passed","Mon Jun 09 20:51:33 GMT 2025","TestNotificationLogs","tests","",""
"","11","test_upsert_subject_fail_for_not_soft_deleted","src.apps.subjects.tests","Mon Jun 09 20:51:47 GMT 2025","passed","Mon Jun 09 20:51:47 GMT 2025","TestSubjects","tests","",""
"","23","test_get_subject_limited","src.apps.subjects.tests","Mon Jun 09 20:51:48 GMT 2025","passed","Mon Jun 09 20:51:48 GMT 2025","TestSubjects","tests","",""
"","537","test_user_create_computed_fields","src.apps.users.tests.unit","Mon Jun 09 20:52:04 GMT 2025","passed","Mon Jun 09 20:52:05 GMT 2025","","test_user_domain","",""
"","0","test_duplicated_id_for_score_is_not_allowed","src.apps.activities.tests.unit.domain","Mon Jun 09 20:49:46 GMT 2025","passed","Mon Jun 09 20:49:46 GMT 2025","","test_scores_reports","",""
"","33","test_invite_existing_user[coordinator-manager-403-fr]","src.apps.invitations","Mon Jun 09 20:51:22 GMT 2025","passed","Mon Jun 09 20:51:23 GMT 2025","TestInvite","test_invite","",""
"","93","test_shell_update_email_on_accept","src.apps.invitations","Mon Jun 09 20:51:28 GMT 2025","passed","Mon Jun 09 20:51:28 GMT 2025","TestInvite","test_invite","",""
"","74","test_get_target_subjects_by_respondent_via_submission_as_owner[respondent]","src.apps.subjects.tests","Mon Jun 09 20:51:50 GMT 2025","passed","Mon Jun 09 20:51:50 GMT 2025","TestSubjects","tests","",""
"","107","test_create_applet_with_each_activity_item[audio_player_item_create]","src.apps.applets.tests","Mon Jun 09 20:50:47 GMT 2025","passed","Mon Jun 09 20:50:47 GMT 2025","TestActivityItems","test_applet_activity_items","",""
"","15","test_delete_user_events_in_individual_schedule__event_not_found","src.apps.schedule.tests","Mon Jun 09 20:51:36 GMT 2025","passed","Mon Jun 09 20:51:36 GMT 2025","TestSchedule","test_schedule","",""
"","30","test_update_subject[2]","src.apps.subjects.tests","Mon Jun 09 20:51:47 GMT 2025","passed","Mon Jun 09 20:51:47 GMT 2025","TestSubjects","tests","",""
"","1","test_event_cross_day_with_random_notification__from_time_not_in_between_start_time_and_end_time[event_daily_data-not_valid_from0]","src.apps.schedule.tests.unit.domain","Mon Jun 09 20:51:46 GMT 2025","passed","Mon Jun 09 20:51:46 GMT 2025","","test_schedule_request_data","",""
"","31","test_private_invitation_accept","src.apps.invitations","Mon Jun 09 20:51:24 GMT 2025","passed","Mon Jun 09 20:51:24 GMT 2025","TestInvite","test_invite","",""
"","2","test_change_status_with_details[success]","src.apps.job.tests","Mon Jun 09 20:51:29 GMT 2025","passed","Mon Jun 09 20:51:29 GMT 2025","","test_jobs_services","",""
"","1","test_peridocity_selected_date_is_required[ONCE]","src.apps.schedule.tests.unit.domain","Mon Jun 09 20:51:46 GMT 2025","passed","Mon Jun 09 20:51:46 GMT 2025","","test_schedule_request_data","",""
"","105","test_create_applet_with_each_activity_item[number_selection_item_create]","src.apps.applets.tests","Mon Jun 09 20:50:45 GMT 2025","passed","Mon Jun 09 20:50:45 GMT 2025","TestActivityItems","test_applet_activity_items","",""
"","0","test_non_existent_conditional_name","src.apps.activities.tests.unit.domain","Mon Jun 09 20:49:46 GMT 2025","passed","Mon Jun 09 20:49:46 GMT 2025","TestValidateItemFlow","test_custom_validation","",""
"","6","test_create_applet_with_base_data","src.apps.applets.tests.unit","Mon Jun 09 20:51:00 GMT 2025","passed","Mon Jun 09 20:51:00 GMT 2025","","test_applet_crud","",""
"","46","test_update_schedule__add_reminder","src.apps.schedule.tests","Mon Jun 09 20:51:44 GMT 2025","passed","Mon Jun 09 20:51:44 GMT 2025","TestSchedule","test_schedule","",""
"","18","test_get_applet_changes__version_is_not_valid[0]","src.apps.applets.tests","Mon Jun 09 20:50:44 GMT 2025","passed","Mon Jun 09 20:50:44 GMT 2025","TestApplet","test_applet","",""
"","1","test_event_request_periodicity_not_always_no_required_fields[event_weekdays_data-access_before_schedule]","src.apps.schedule.tests.unit.domain","Mon Jun 09 20:51:46 GMT 2025","passed","Mon Jun 09 20:51:46 GMT 2025","","test_schedule_request_data","",""
"","79","test_create_applet__item_single_multi_select_with_color[multi_select_item_create]","src.apps.applets.tests","Mon Jun 09 20:50:51 GMT 2025","passed","Mon Jun 09 20:50:52 GMT 2025","TestActivityItems","test_applet_activity_items","",""
"","3","test_seed_invalid_version","src.apps.applets.tests","Mon Jun 09 20:50:58 GMT 2025","passed","Mon Jun 09 20:50:58 GMT 2025","TestAppletSeedV1","test_applet_seed","",""
"","22","test_arbitrary_download_from_s3_aws","src.apps.file","Mon Jun 09 20:51:09 GMT 2025","passed","Mon Jun 09 20:51:09 GMT 2025","TestAnswerActivityItems","test_file","",""
"","13","test_schedule_create__no_valid_activity_id","src.apps.schedule.tests","Mon Jun 09 20:51:44 GMT 2025","passed","Mon Jun 09 20:51:44 GMT 2025","TestSchedule","test_schedule","",""
"","1","test_get_tz_utc_offset[US/Pacific--28800]","src.infrastructure.tests.unit.http","Mon Jun 09 20:52:13 GMT 2025","passed","Mon Jun 09 20:52:13 GMT 2025","","test_deps","",""
"","13","test_get_or_create_owned__create_job_with_details","src.apps.job.tests","Mon Jun 09 20:51:30 GMT 2025","passed","Mon Jun 09 20:51:30 GMT 2025","","test_jobs_services","",""
"","1","test_event_cross_day_with_fixed_notification__at_time_not_in_between_start_time_and_end_time[event_weekdays_data-out_of_range_time3]","src.apps.schedule.tests.unit.domain","Mon Jun 09 20:51:46 GMT 2025","passed","Mon Jun 09 20:51:46 GMT 2025","","test_schedule_request_data","",""
"","25","test_delete_access_token","src.apps.authentication.tests","Mon Jun 09 20:51:02 GMT 2025","passed","Mon Jun 09 20:51:03 GMT 2025","TestAuthentication","test_auth","",""
"","21","test_applet_assessment_retrieve_for_submission","src.apps.answers.tests","Mon Jun 09 20:50:34 GMT 2025","passed","Mon Jun 09 20:50:35 GMT 2025","TestAnswerActivityItems","test_answers_arbitrary","",""
"","1","test_field_changed[question-value0-Displayed Content was changed to New Question]","src.apps.activities.tests.unit","Mon Jun 09 20:49:47 GMT 2025","passed","Mon Jun 09 20:49:47 GMT 2025","","test_activity_item_change","",""
"","1","test_event_cross_day_with_reminder_notification__at_time_not_in_between_start_time_and_end_time[event_daily_data-out_of_range_time0]","src.apps.schedule.tests.unit.domain","Mon Jun 09 20:51:46 GMT 2025","passed","Mon Jun 09 20:51:46 GMT 2025","","test_schedule_request_data","",""
"","1","test_get_changes_applet_updated[report_recipients-value6-Email recipients was set to test@example.com]","src.apps.applets.tests.unit","Mon Jun 09 20:51:00 GMT 2025","passed","Mon Jun 09 20:51:00 GMT 2025","","test_applet_changes","",""
"","43","test_get_token_error_outside_us","src.apps.integrations.oneup_health.tests","Mon Jun 09 20:51:15 GMT 2025","passed","Mon Jun 09 20:51:15 GMT 2025","TestOneupHealth","test_oneup_health","",""
"","0","test_is_last_day_of_month[date3-True]","src.apps.applets.tests.unit","Mon Jun 09 20:51:02 GMT 2025","passed","Mon Jun 09 20:51:02 GMT 2025","","test_filter_schedule_events","",""
"","6","test_seed_subject_missing_respondent_role","src.apps.applets.tests","Mon Jun 09 20:50:59 GMT 2025","passed","Mon Jun 09 20:50:59 GMT 2025","TestAppletSeedV1","test_applet_seed","",""
"","20","test_generate_upload_url[test2.jpg]","src.apps.file","Mon Jun 09 20:51:10 GMT 2025","passed","Mon Jun 09 20:51:10 GMT 2025","TestAnswerActivityItems","test_file","",""
"","66","test_transfer_not_complete","src.apps.integrations.oneup_health.tests","Mon Jun 09 20:51:16 GMT 2025","passed","Mon Jun 09 20:51:16 GMT 2025","TestTaskIngestUserData","test_task","",""
"","1","test_consent_update_model","src.apps.integrations.loris.tests","Mon Jun 09 20:51:14 GMT 2025","passed","Mon Jun 09 20:51:14 GMT 2025","","test_domain","",""
"","28","test_invite_reviewer_with_respondent_does_not_exist","src.apps.invitations","Mon Jun 09 20:51:27 GMT 2025","passed","Mon Jun 09 20:51:27 GMT 2025","TestInvite","test_invite","",""
"","277","test_get_token_credentials_are_not_valid[password-1234]","src.apps.authentication.tests","Mon Jun 09 20:51:03 GMT 2025","passed","Mon Jun 09 20:51:04 GMT 2025","TestAuthentication","test_auth","",""
"","50","test_answer_activity_items_create_alert_for_respondent","src.apps.answers.tests","Mon Jun 09 20:49:51 GMT 2025","passed","Mon Jun 09 20:49:51 GMT 2025","TestAnswerActivityItems","test_answers","",""
"","98","test_create_applet_with_each_activity_item[slider_item_create]","src.apps.applets.tests","Mon Jun 09 20:50:45 GMT 2025","passed","Mon Jun 09 20:50:45 GMT 2025","TestActivityItems","test_applet_activity_items","",""
"","70","test_duplicate_applet__duplicate_applet_with_activity_flow","src.apps.applets.tests","Mon Jun 09 20:50:44 GMT 2025","passed","Mon Jun 09 20:50:44 GMT 2025","TestApplet","test_applet","",""
"","33","test_applet_activity_answers","src.apps.answers.tests","Mon Jun 09 20:50:28 GMT 2025","passed","Mon Jun 09 20:50:28 GMT 2025","TestAnswerActivityItems","test_answers_arbitrary","",""
"","83","test_create_applet__item_single_multi_select_with_image[multi_select_item_create]","src.apps.applets.tests","Mon Jun 09 20:50:51 GMT 2025","passed","Mon Jun 09 20:50:51 GMT 2025","TestActivityItems","test_applet_activity_items","",""
"","1","test_event_request_periodicity_not_always_no_required_fields[event_daily_data-start_time]","src.apps.schedule.tests.unit.domain","Mon Jun 09 20:51:45 GMT 2025","passed","Mon Jun 09 20:51:45 GMT 2025","","test_schedule_request_data","",""
"","38","test_edit_submission_note","src.apps.answers.tests","Mon Jun 09 20:50:18 GMT 2025","passed","Mon Jun 09 20:50:18 GMT 2025","TestAnswerActivityItems","test_answers","",""
"","1","test_score_duplicated_item_score_are_not_allowed","src.apps.activities.tests.unit.domain","Mon Jun 09 20:49:46 GMT 2025","passed","Mon Jun 09 20:49:46 GMT 2025","","test_scores_reports","",""
"","2","test_event_request_with_random_notification__from_time_not_in_between_start_time_and_end_time[event_monthly_data-not_valid_from9]","src.apps.schedule.tests.unit.domain","Mon Jun 09 20:51:46 GMT 2025","passed","Mon Jun 09 20:51:46 GMT 2025","","test_schedule_request_data","",""
"","1","test_validate_not_valid_hour_minute[<h1 id=""test"" data-line=""3"">test</h1>-<h1 id=""test"" data-line=""3"">test</h1>]","src.apps.shared.test.unit","Mon Jun 09 20:51:46 GMT 2025","passed","Mon Jun 09 20:51:46 GMT 2025","","test_shared_custom_validation","",""
"","0","test_validator_successful_create_eq_condition[payload0]","src.apps.activities.tests.unit.domain","Mon Jun 09 20:49:46 GMT 2025","passed","Mon Jun 09 20:49:46 GMT 2025","TestValidateItemFlow","test_custom_validation","",""
"","157","test_reinvite_manager_after_transfer","src.apps.transfer_ownership","Mon Jun 09 20:51:53 GMT 2025","passed","Mon Jun 09 20:51:53 GMT 2025","TestTransfer","tests","",""
"","32","test_access_to_activity_list[manager-200]","src.apps.answers.tests","Mon Jun 09 20:50:13 GMT 2025","passed","Mon Jun 09 20:50:13 GMT 2025","TestAnswerActivityItems","test_answers","",""
"","3","test_job_does_not_exist","src.apps.job.tests","Mon Jun 09 20:51:29 GMT 2025","passed","Mon Jun 09 20:51:29 GMT 2025","","test_jobs_services","",""
"","1","test_get_changes_theme_id_is_not_tracked","src.apps.applets.tests.unit","Mon Jun 09 20:51:00 GMT 2025","passed","Mon Jun 09 20:51:00 GMT 2025","","test_applet_changes","",""
"","2","test_event_request_with_random_notification__from_time_not_in_between_start_time_and_end_time[event_weekly_data-not_valid_from5]","src.apps.schedule.tests.unit.domain","Mon Jun 09 20:51:46 GMT 2025","passed","Mon Jun 09 20:51:46 GMT 2025","","test_schedule_request_data","",""
"","24","test_cart_search[4-applet_four-1-10]","src.apps.library","Mon Jun 09 20:51:30 GMT 2025","passed","Mon Jun 09 20:51:30 GMT 2025","TestLibrary","tests","",""
"","47","test_get_latest_summary","src.apps.answers.tests","Mon Jun 09 20:50:26 GMT 2025","passed","Mon Jun 09 20:50:26 GMT 2025","TestAnswerActivityItems","test_answers_arbitrary","",""
"","32","test_applet_access_link_create_by_admin","src.apps.applets.tests","Mon Jun 09 20:50:54 GMT 2025","passed","Mon Jun 09 20:50:54 GMT 2025","TestLink","test_applet_link","",""
"","86","test_create_applet__item_single_multi_select_with_image[single_select_item_create]","src.apps.applets.tests","Mon Jun 09 20:50:51 GMT 2025","passed","Mon Jun 09 20:50:51 GMT 2025","TestActivityItems","test_applet_activity_items","",""
"","21","test_applet_access_link_delete","src.apps.applets.tests","Mon Jun 09 20:50:54 GMT 2025","passed","Mon Jun 09 20:50:54 GMT 2025","TestLink","test_applet_link","",""
"","48","test_invite_existing_user[manager-reviewer-200-en]","src.apps.invitations","Mon Jun 09 20:51:21 GMT 2025","passed","Mon Jun 09 20:51:21 GMT 2025","TestInvite","test_invite","",""
"","1","test_conditional_logic_added","src.apps.activities.tests.unit","Mon Jun 09 20:49:46 GMT 2025","passed","Mon Jun 09 20:49:46 GMT 2025","","test_activity_item_change","",""
"","37","test_applet_assessment_create","src.apps.answers.tests","Mon Jun 09 20:50:29 GMT 2025","passed","Mon Jun 09 20:50:29 GMT 2025","TestAnswerActivityItems","test_answers_arbitrary","",""
"","23","test_fail_answered_applet_not_existed_activities","src.apps.answers.tests","Mon Jun 09 20:49:59 GMT 2025","passed","Mon Jun 09 20:49:59 GMT 2025","TestAnswerActivityItems","test_answers","",""
"","1","test_revoke_refresh_token","src.apps.authentication.tests.unit","Mon Jun 09 20:51:09 GMT 2025","passed","Mon Jun 09 20:51:09 GMT 2025","TestAuthService","test_auth_service","",""
"","22","test_respondent_schedules_get_user_two_weeks","src.apps.schedule.tests","Mon Jun 09 20:51:37 GMT 2025","passed","Mon Jun 09 20:51:37 GMT 2025","TestSchedule","test_schedule","",""
"","23","test_cart_search[Three-applet_four-1-10]","src.apps.library","Mon Jun 09 20:51:31 GMT 2025","passed","Mon Jun 09 20:51:31 GMT 2025","TestLibrary","tests","",""
"","51","test_get_latest_flow_summary","src.apps.answers.tests","Mon Jun 09 20:50:19 GMT 2025","passed","Mon Jun 09 20:50:19 GMT 2025","TestAnswerActivityItems","test_answers","",""
"","15","test_update_folder_with_same_name_success","src.apps.folders","Mon Jun 09 20:51:12 GMT 2025","passed","Mon Jun 09 20:51:12 GMT 2025","TestFolder","test_folder","",""
"","11","test_emergency_message__authorized","src.apps.healthcheck","Mon Jun 09 20:51:14 GMT 2025","passed","Mon Jun 09 20:51:14 GMT 2025","TestHealthcheck","tests","",""
"","0","test_get_changes_is_initial_version[stream_enabled-True-Enable streaming of response data was enabled]","src.apps.applets.tests.unit","Mon Jun 09 20:51:00 GMT 2025","passed","Mon Jun 09 20:51:00 GMT 2025","","test_applet_changes","",""
"","57","test_schedule_delete_all","src.apps.schedule.tests","Mon Jun 09 20:51:35 GMT 2025","passed","Mon Jun 09 20:51:35 GMT 2025","TestSchedule","test_schedule","",""
"","1","test_integration_model_error","src.apps.integrations.tests.unit.domain","Mon Jun 09 20:51:18 GMT 2025","passed","Mon Jun 09 20:51:18 GMT 2025","","test_integration","",""
"","5","test_get_private_invitation_by_link_does_not_exist","src.apps.invitations","Mon Jun 09 20:51:27 GMT 2025","passed","Mon Jun 09 20:51:27 GMT 2025","TestInvite","test_invite","",""
"","0","test_single_time_payload_invalid_hours","src.apps.activities.tests.unit.domain","Mon Jun 09 20:49:46 GMT 2025","passed","Mon Jun 09 20:49:46 GMT 2025","TestValidateItemFlow","test_custom_validation","",""
"","30","test_decline_transfer__user_not_in_transfer","src.apps.transfer_ownership","Mon Jun 09 20:51:53 GMT 2025","passed","Mon Jun 09 20:51:53 GMT 2025","TestTransfer","tests","",""
"","46","test_delete_integration","src.apps.integrations.tests","Mon Jun 09 20:51:18 GMT 2025","passed","Mon Jun 09 20:51:18 GMT 2025","TestIntegrationRouter","test_integrations","",""
"","14","test_move_not_accessible_applet_to_folder","src.apps.applets.tests","Mon Jun 09 20:50:53 GMT 2025","passed","Mon Jun 09 20:50:53 GMT 2025","TestAppletMoveToFolder","test_applet_folder","",""
"","30","test_accept_transfer__applet_not_in_transfer","src.apps.transfer_ownership","Mon Jun 09 20:51:53 GMT 2025","passed","Mon Jun 09 20:51:53 GMT 2025","TestTransfer","tests","",""
"","3","test_set_data_retention","src.apps.applets.tests.unit","Mon Jun 09 20:51:01 GMT 2025","passed","Mon Jun 09 20:51:01 GMT 2025","","test_applet_crud","",""
"","81","test_list_submit_dates","src.apps.answers.tests","Mon Jun 09 20:50:26 GMT 2025","passed","Mon Jun 09 20:50:27 GMT 2025","TestAnswerActivityItems","test_answers_arbitrary","",""
"","46","test_invite_existing_user[manager-manager-200-en]","src.apps.invitations","Mon Jun 09 20:51:20 GMT 2025","passed","Mon Jun 09 20:51:20 GMT 2025","TestInvite","test_invite","",""
"","1","test_get_changes_new_applet_text_field_is_cleared","src.apps.applets.tests.unit","Mon Jun 09 20:51:00 GMT 2025","passed","Mon Jun 09 20:51:00 GMT 2025","","test_applet_changes","",""
"","0","test_filter_events__cross_day_event__start_date_and_and_date_is_last_day_of_month[date0-0]","src.apps.applets.tests.unit","Mon Jun 09 20:51:02 GMT 2025","passed","Mon Jun 09 20:51:02 GMT 2025","TestEventsPeriodicityMontly","test_filter_schedule_events","",""
"","112","test_create_applet_with_phrasal_template[phrasal_template_with_time_create]","src.apps.applets.tests","Mon Jun 09 20:50:48 GMT 2025","passed","Mon Jun 09 20:50:48 GMT 2025","TestActivityItems","test_applet_activity_items","",""
"","1","test_incorrect_conditional_item_type","src.apps.activities.tests.unit.domain","Mon Jun 09 20:49:46 GMT 2025","passed","Mon Jun 09 20:49:46 GMT 2025","TestValidateItemFlow","test_custom_validation","",""
"","96","test_get_target_subjects_by_respondent_via_submission_as_reviewer","src.apps.subjects.tests","Mon Jun 09 20:51:50 GMT 2025","passed","Mon Jun 09 20:51:50 GMT 2025","TestSubjects","tests","",""
"","21","test_create_integration_wrong_parameters_for_type","src.apps.integrations.tests","Mon Jun 09 20:51:18 GMT 2025","passed","Mon Jun 09 20:51:18 GMT 2025","TestIntegrationRouter","test_integrations","",""
"","79","test_create_activity_answers__submit_duplicate","src.apps.answers.tests","Mon Jun 09 20:49:53 GMT 2025","passed","Mon Jun 09 20:49:53 GMT 2025","TestAnswerActivityItems","test_answers","",""
"","9","test_subject_assigned_activities_invalid_applet","src.apps.activities.tests","Mon Jun 09 20:49:40 GMT 2025","passed","Mon Jun 09 20:49:40 GMT 2025","TestActivities","test_activities","",""
"","1","test_arbitrary_workspace_common_required_fields[storage_secret_key]","src.apps.workspaces.tests.unit.domain","Mon Jun 09 20:52:13 GMT 2025","passed","Mon Jun 09 20:52:13 GMT 2025","","test_workspace_arbitrary","",""
"","120","test_answered_applet_activities","src.apps.answers.tests","Mon Jun 09 20:50:28 GMT 2025","passed","Mon Jun 09 20:50:28 GMT 2025","TestAnswerActivityItems","test_answers_arbitrary","",""
"","33","test_invite_existing_user[coordinator-manager-403-el]","src.apps.invitations","Mon Jun 09 20:51:23 GMT 2025","passed","Mon Jun 09 20:51:23 GMT 2025","TestInvite","test_invite","",""
"","41","test_get_invitation_by_key_already_accpted_declined[accept_url-post]","src.apps.invitations","Mon Jun 09 20:51:27 GMT 2025","passed","Mon Jun 09 20:51:27 GMT 2025","TestInvite","test_invite","",""
"","1","test_unencrypted_applet_model","src.apps.integrations.loris.tests","Mon Jun 09 20:51:14 GMT 2025","passed","Mon Jun 09 20:51:14 GMT 2025","","test_domain","",""
"","2","test_user_get_full_name__no_last_name","src.apps.users.tests.unit","Mon Jun 09 20:52:04 GMT 2025","passed","Mon Jun 09 20:52:04 GMT 2025","","test_user_crud","",""
"","1","test_get_changes_new_applet_text_field_was_changed","src.apps.applets.tests.unit","Mon Jun 09 20:51:00 GMT 2025","passed","Mon Jun 09 20:51:00 GMT 2025","","test_applet_changes","",""
"","66","test_manager_invite_if_duplicate_email_and_role_not_accepted[editor]","src.apps.invitations","Mon Jun 09 20:51:25 GMT 2025","passed","Mon Jun 09 20:51:25 GMT 2025","TestInvite","test_invite","",""
"","1","test_filter_events__cross_day__start_date_sunday","src.apps.applets.tests.unit","Mon Jun 09 20:51:02 GMT 2025","passed","Mon Jun 09 20:51:02 GMT 2025","TestEventsPeriodicityWeekly","test_filter_schedule_events","",""
"","16","test_check_existence_answer_exists","src.apps.answers.tests","Mon Jun 09 20:50:04 GMT 2025","passed","Mon Jun 09 20:50:04 GMT 2025","TestAnswerActivityItems","test_answers","",""
"","27","test_workspace_applets_search","src.apps.workspaces.tests","Mon Jun 09 20:52:08 GMT 2025","passed","Mon Jun 09 20:52:08 GMT 2025","TestWorkspaces","test_workspaces","",""
"","0","test_filter_events__cross_day__start_weekday_and_end_weekday_are_not_the_same[date0-1]","src.apps.applets.tests.unit","Mon Jun 09 20:51:02 GMT 2025","passed","Mon Jun 09 20:51:02 GMT 2025","TestEventsPeriodicityWeekly","test_filter_schedule_events","",""
"","23","test_cart_search[Four-applet_four-1-10]","src.apps.library","Mon Jun 09 20:51:31 GMT 2025","passed","Mon Jun 09 20:51:31 GMT 2025","TestLibrary","tests","",""
"","25","test_owner_can_view_all_reviews_other_can_see_empty_encrypted_data[lucy-manager]","src.apps.answers.tests","Mon Jun 09 20:50:07 GMT 2025","passed","Mon Jun 09 20:50:07 GMT 2025","TestAnswerActivityItems","test_answers","",""
"","70","test_get_identifiers","src.apps.answers.tests","Mon Jun 09 20:50:32 GMT 2025","passed","Mon Jun 09 20:50:32 GMT 2025","TestAnswerActivityItems","test_answers_arbitrary","",""
"","13","test_get_applet_unique_name__name_already_used","src.apps.applets.tests","Mon Jun 09 20:50:39 GMT 2025","passed","Mon Jun 09 20:50:39 GMT 2025","TestApplet","test_applet","",""
"","3","test_get_user_by_id__user_does_not_exists","src.apps.users.tests.unit","Mon Jun 09 20:52:03 GMT 2025","passed","Mon Jun 09 20:52:03 GMT 2025","","test_user_crud","",""
"","94","test_create_applet__activity_with_subscale_settings_with_subscale_lookup_table","src.apps.applets.tests","Mon Jun 09 20:50:52 GMT 2025","passed","Mon Jun 09 20:50:52 GMT 2025","TestActivityItems","test_applet_activity_items","",""
"","97","test_create_applet_with_performance_task[activity_unity_create-unity]","src.apps.applets.tests","Mon Jun 09 20:50:49 GMT 2025","passed","Mon Jun 09 20:50:49 GMT 2025","TestActivityItems","test_applet_activity_items","",""
"","1","test_score_and_reports_duplicated_id_in_conditional_logic_is_not_allowed_for_score","src.apps.activities.tests.unit.domain","Mon Jun 09 20:49:46 GMT 2025","passed","Mon Jun 09 20:49:46 GMT 2025","","test_scores_reports","",""
"","47","test_answer_flow_items_create_for_respondent","src.apps.answers.tests","Mon Jun 09 20:50:28 GMT 2025","passed","Mon Jun 09 20:50:28 GMT 2025","TestAnswerActivityItems","test_answers_arbitrary","",""
"","73","test_get_public_applet_activities_info","src.apps.applets.tests","Mon Jun 09 20:50:39 GMT 2025","passed","Mon Jun 09 20:50:39 GMT 2025","TestApplet","test_applet","",""
"","7","test_update_encrypted_email","src.apps.users.tests.unit","Mon Jun 09 20:52:03 GMT 2025","passed","Mon Jun 09 20:52:03 GMT 2025","","test_user_crud","",""
"","50","test_remove_relation[None-source_subject_id1-404]","src.apps.subjects.tests","Mon Jun 09 20:51:47 GMT 2025","passed","Mon Jun 09 20:51:47 GMT 2025","TestSubjects","tests","",""
"","14","test_user_delete","src.apps.users.tests","Mon Jun 09 20:52:03 GMT 2025","passed","Mon Jun 09 20:52:03 GMT 2025","TestUser","test_user","",""
"","3","test_get_applets_by_display_name__applet_id_not_in_applet_ids","src.apps.applets.tests.unit","Mon Jun 09 20:51:00 GMT 2025","passed","Mon Jun 09 20:51:00 GMT 2025","","test_applet_crud","",""
"","19","test_generate_presigned_url_for_post_answer__user_does_not_have_access_to_the_applet","src.apps.file","Mon Jun 09 20:51:10 GMT 2025","passed","Mon Jun 09 20:51:10 GMT 2025","TestAnswerActivityItems","test_file","",""
"","19","test_move_to_folder__folder_does_not_exists","src.apps.applets.tests","Mon Jun 09 20:50:53 GMT 2025","passed","Mon Jun 09 20:50:53 GMT 2025","TestAppletMoveToFolder","test_applet_folder","",""
"","112","test_create_applet_with_each_activity_item[slider_rows_item_create]","src.apps.applets.tests","Mon Jun 09 20:50:46 GMT 2025","passed","Mon Jun 09 20:50:46 GMT 2025","TestActivityItems","test_applet_activity_items","",""
"","1","test_single_select_rows_row_name_update","src.apps.activities.tests.unit","Mon Jun 09 20:49:46 GMT 2025","passed","Mon Jun 09 20:49:46 GMT 2025","","test_activity_item_change","",""
"","37","test_flow_submission","src.apps.answers.tests","Mon Jun 09 20:50:08 GMT 2025","passed","Mon Jun 09 20:50:09 GMT 2025","TestAnswerActivityItems","test_answers","",""
"","1","test_create_slider_rows_item__add_scores_is_true__no_scores","src.apps.activities.tests.unit.domain","Mon Jun 09 20:49:46 GMT 2025","passed","Mon Jun 09 20:49:46 GMT 2025","","test_activity_item_create","",""
"","133","test_create_applet_with_performance_task[activity_ab_trails_ipad_create-ABTrails]","src.apps.applets.tests","Mon Jun 09 20:50:48 GMT 2025","passed","Mon Jun 09 20:50:48 GMT 2025","TestActivityItems","test_applet_activity_items","",""
"","66","test_admin_invite_respondent_duplicate_pending_secret_id","src.apps.invitations","Mon Jun 09 20:51:24 GMT 2025","passed","Mon Jun 09 20:51:24 GMT 2025","TestInvite","test_invite","",""
"","1","test_single_select_row_response_values_not_valid_data_matrix_len_options_does_not_equal_len_per_row","src.apps.activities.tests.unit.domain","Mon Jun 09 20:49:46 GMT 2025","passed","Mon Jun 09 20:49:46 GMT 2025","","test_activity_item_create","",""
"","54","test_invite_existing_user[coordinator-respondent-200-el]","src.apps.invitations","Mon Jun 09 20:51:21 GMT 2025","passed","Mon Jun 09 20:51:21 GMT 2025","TestInvite","test_invite","",""
"","2","test_single_select_row_logic","src.apps.activities.tests.unit.domain","Mon Jun 09 20:49:46 GMT 2025","passed","Mon Jun 09 20:49:46 GMT 2025","","test_activity_item_create","",""
"","56","test_validate_multiinformant_assessment_fail_temporary_relation_expired","src.apps.answers.tests","Mon Jun 09 20:50:23 GMT 2025","passed","Mon Jun 09 20:50:23 GMT 2025","TestAnswerActivityItems","test_answers","",""
"","1","test_get_changes_applet_updated[stream_enabled-True-Enable streaming of response data was enabled]","src.apps.applets.tests.unit","Mon Jun 09 20:51:00 GMT 2025","passed","Mon Jun 09 20:51:00 GMT 2025","","test_applet_changes","",""
"","2","test_get_by_ml_user_id_not_found","src.apps.integrations.loris.tests","Mon Jun 09 20:51:14 GMT 2025","passed","Mon Jun 09 20:51:14 GMT 2025","","test_crud_relationship","",""
"","23","test_cart_search[Applet-applet_three-1-1]","src.apps.library","Mon Jun 09 20:51:31 GMT 2025","passed","Mon Jun 09 20:51:31 GMT 2025","TestLibrary","tests","",""
"","48","test_schedule_get_all_after_creating_new_event__default_event_replaced_with_scheduled_event[activities-activity_id-flow_id]","src.apps.schedule.tests","Mon Jun 09 20:51:34 GMT 2025","passed","Mon Jun 09 20:51:34 GMT 2025","TestSchedule","test_schedule","",""
"","27","test_summary_activities_submitted_without_answers","src.apps.answers.tests","Mon Jun 09 20:50:06 GMT 2025","passed","Mon Jun 09 20:50:06 GMT 2025","TestAnswerActivityItems","test_answers","",""
"","13","test_assigned_activities_invalid_subject[target]","src.apps.activities.tests","Mon Jun 09 20:49:42 GMT 2025","passed","Mon Jun 09 20:49:42 GMT 2025","TestActivities","test_activities","",""
"","14","test_wrong_workspace_applets_list","src.apps.workspaces.tests","Mon Jun 09 20:52:09 GMT 2025","passed","Mon Jun 09 20:52:09 GMT 2025","TestWorkspaces","test_workspaces","",""
"","1","test_filter_events[date2-1]","src.apps.applets.tests.unit","Mon Jun 09 20:51:02 GMT 2025","passed","Mon Jun 09 20:51:02 GMT 2025","TestEventsPeriodicityDaily","test_filter_schedule_events","",""
"","45","test_own_review_delete","src.apps.answers.tests","Mon Jun 09 20:50:34 GMT 2025","passed","Mon Jun 09 20:50:34 GMT 2025","TestAnswerActivityItems","test_answers_arbitrary","",""
"","36","test_library_share_with_empty_kw[kw1-exp_kw1-201-True]","src.apps.library","Mon Jun 09 20:51:32 GMT 2025","passed","Mon Jun 09 20:51:32 GMT 2025","TestLibrary","tests","",""
"","36","test_schedule_create_with_activity","src.apps.schedule.tests","Mon Jun 09 20:51:33 GMT 2025","passed","Mon Jun 09 20:51:33 GMT 2025","TestSchedule","test_schedule","",""
"","1","test_consent_create_model","src.apps.integrations.loris.tests","Mon Jun 09 20:51:14 GMT 2025","passed","Mon Jun 09 20:51:14 GMT 2025","","test_domain","",""
"","29","test_schedule_create_individual_event","src.apps.schedule.tests","Mon Jun 09 20:51:34 GMT 2025","passed","Mon Jun 09 20:51:34 GMT 2025","TestSchedule","test_schedule","",""
"","1","test_validate_not_valid_hour_minute[<figure><img loading=""lazy"" class=""md-zoom"" alt=""Screenshot 2024-05-13 at 19.40.34.png"" src=""https://media.cmiml.net/test.png""></figure>-<figure><img loading=""lazy"" class=""md-zoom"" alt=""Screenshot 2024-05-13 at 19.40.34.png"" src=""https://media.cmiml.net/test.png""></figure>]","src.apps.shared.test.unit","Mon Jun 09 20:51:46 GMT 2025","passed","Mon Jun 09 20:51:46 GMT 2025","","test_shared_custom_validation","",""
"","118","test_assigned_activities_limited_respondent","src.apps.activities.tests","Mon Jun 09 20:49:43 GMT 2025","passed","Mon Jun 09 20:49:43 GMT 2025","TestActivities","test_activities","",""
"","204","test_reencrypt_answers_no_answers","src.apps.users.tests","Mon Jun 09 20:51:58 GMT 2025","passed","Mon Jun 09 20:51:58 GMT 2025","","test_reencrypt_user_answers","",""
"","16","test_delete_applet_link__link_does_not_exists","src.apps.applets.tests","Mon Jun 09 20:50:44 GMT 2025","passed","Mon Jun 09 20:50:44 GMT 2025","TestApplet","test_applet","",""
"","6","test_conceal_applet","src.apps.applets.tests.unit","Mon Jun 09 20:51:01 GMT 2025","passed","Mon Jun 09 20:51:01 GMT 2025","","test_applet_crud","",""
"","69","test_activity_detail","src.apps.activities.tests","Mon Jun 09 20:49:39 GMT 2025","passed","Mon Jun 09 20:49:39 GMT 2025","TestActivities","test_activities","",""
"","29","test_create_one_assignment[en]","src.apps.activity_assignments.tests","Mon Jun 09 20:49:47 GMT 2025","passed","Mon Jun 09 20:49:47 GMT 2025","TestActivityAssignments","test_assignments","",""
"","0","test_filter_events[date1-1]","src.apps.applets.tests.unit","Mon Jun 09 20:51:02 GMT 2025","passed","Mon Jun 09 20:51:02 GMT 2025","TestEventsPeriodicityDaily","test_filter_schedule_events","",""
"","0","test_filter_events[date3-1]","src.apps.applets.tests.unit","Mon Jun 09 20:51:02 GMT 2025","passed","Mon Jun 09 20:51:02 GMT 2025","TestEventsPeriodicityWeekdays","test_filter_schedule_events","",""
"","13","test_update_applet__only_one_reviewable_activity_allowed","src.apps.applets.tests","Mon Jun 09 20:50:41 GMT 2025","passed","Mon Jun 09 20:50:41 GMT 2025","TestApplet","test_applet","",""
"","281","test_create_anonymous_respondent","src.apps.users.tests.unit","Mon Jun 09 20:52:05 GMT 2025","passed","Mon Jun 09 20:52:06 GMT 2025","","test_user_service","",""
"","1","test_incorrect_subscale_inside_subscale","src.apps.activities.tests.unit.domain","Mon Jun 09 20:49:46 GMT 2025","passed","Mon Jun 09 20:49:46 GMT 2025","TestValidateSubscales","test_custom_validation","",""
"","21","test_library_update_library_does_not_exist","src.apps.library","Mon Jun 09 20:51:31 GMT 2025","passed","Mon Jun 09 20:51:31 GMT 2025","TestLibrary","tests","",""
"","1","test_history_mixin_split_version_id__wrong_id_version[74e372b9-bb51-4870-82cf-c6867cf617c4-Exception]","src.apps.applets.tests.unit","Mon Jun 09 20:51:02 GMT 2025","passed","Mon Jun 09 20:51:02 GMT 2025","","test_history_mixin","",""
"","16","test_check_existence_answer_does_not_exist[activity_id-00000000-0000-0000-0000-000000000000_99]","src.apps.answers.tests","Mon Jun 09 20:50:04 GMT 2025","passed","Mon Jun 09 20:50:05 GMT 2025","TestAnswerActivityItems","test_answers","",""
"","1","test_get_changes_applet_updated[stream_ip_address-127.0.0.1-Stream IP Address was set to 127.0.0.1]","src.apps.applets.tests.unit","Mon Jun 09 20:51:00 GMT 2025","passed","Mon Jun 09 20:51:00 GMT 2025","","test_applet_changes","",""
"","1","test_event_request_periodicity_not_always_no_required_fields[event_monthly_data-start_time]","src.apps.schedule.tests.unit.domain","Mon Jun 09 20:51:46 GMT 2025","passed","Mon Jun 09 20:51:46 GMT 2025","","test_schedule_request_data","",""
"","41","test_add_note","src.apps.answers.tests","Mon Jun 09 20:50:01 GMT 2025","passed","Mon Jun 09 20:50:01 GMT 2025","TestAnswerActivityItems","test_answers","",""
"","24","test_create_integration_success","src.apps.integrations.tests","Mon Jun 09 20:51:18 GMT 2025","passed","Mon Jun 09 20:51:18 GMT 2025","TestIntegrationRouter","test_integrations","",""
"","105","test_create_applet_flow_sanitize_strings","src.apps.applets.tests","Mon Jun 09 20:50:53 GMT 2025","passed","Mon Jun 09 20:50:53 GMT 2025","TestActivityItems","test_applet_activity_items","",""
"","30","test_answer_reviewer_count_for_one_own_review","src.apps.answers.tests","Mon Jun 09 20:50:07 GMT 2025","passed","Mon Jun 09 20:50:07 GMT 2025","TestAnswerActivityItems","test_answers","",""
"","4","test_get_super_admin","src.apps.users.tests.unit","Mon Jun 09 20:52:04 GMT 2025","passed","Mon Jun 09 20:52:04 GMT 2025","","test_user_crud","",""
"","5","test_create_user_minimal_data","src.apps.users.tests.unit","Mon Jun 09 20:52:03 GMT 2025","passed","Mon Jun 09 20:52:03 GMT 2025","","test_user_crud","",""
"","1","test_filter_events[date4-0]","src.apps.applets.tests.unit","Mon Jun 09 20:51:02 GMT 2025","passed","Mon Jun 09 20:51:02 GMT 2025","TestEventsPeriodicityDaily","test_filter_schedule_events","",""
"","31","test_deleted_activity_without_answers_not_included_in_list","src.apps.answers.tests","Mon Jun 09 20:50:15 GMT 2025","passed","Mon Jun 09 20:50:15 GMT 2025","TestAnswerActivityItems","test_answers","",""
"","1","test_is_last_day_of_month[date7-True]","src.apps.applets.tests.unit","Mon Jun 09 20:51:02 GMT 2025","passed","Mon Jun 09 20:51:02 GMT 2025","","test_filter_schedule_events","",""
"","41","test_answer_activity_items_create_expired_temporary_relation_fail","src.apps.answers.tests","Mon Jun 09 20:49:58 GMT 2025","passed","Mon Jun 09 20:49:58 GMT 2025","TestAnswerActivityItems","test_answers","",""
"","1","test_score_conditional_logic_sanitize_string","src.apps.activities.tests.unit.domain","Mon Jun 09 20:49:46 GMT 2025","passed","Mon Jun 09 20:49:46 GMT 2025","","test_scores_reports","",""
"","1","test_slider_rows_item_with_alert","src.apps.activities.tests.unit.domain","Mon Jun 09 20:49:46 GMT 2025","passed","Mon Jun 09 20:49:46 GMT 2025","","test_activity_item_create","",""
"","204","test_reencrypt_answers_no_applets_job_started_with_another_status","src.apps.users.tests","Mon Jun 09 20:51:57 GMT 2025","passed","Mon Jun 09 20:51:58 GMT 2025","","test_reencrypt_user_answers","",""
"","25","test_review_flows_one_answer_incomplete_submission","src.apps.answers.tests","Mon Jun 09 20:50:08 GMT 2025","passed","Mon Jun 09 20:50:08 GMT 2025","TestAnswerActivityItems","test_answers","",""
"","16","test_create_assignment_fail_missing_activity_and_flow","src.apps.activity_assignments.tests","Mon Jun 09 20:49:47 GMT 2025","passed","Mon Jun 09 20:49:47 GMT 2025","TestActivityAssignments","test_assignments","",""
"","2","test_readiness","src.apps.healthcheck","Mon Jun 09 20:51:13 GMT 2025","passed","Mon Jun 09 20:51:13 GMT 2025","TestHealthcheck","tests","",""
"","18","test_download_logs__no_logs_for_user","src.apps.file","Mon Jun 09 20:51:12 GMT 2025","passed","Mon Jun 09 20:51:12 GMT 2025","TestAnswerActivityItems","test_file","",""
"","75","test_creating_activity_items_without_option_value[single_select_item_create]","src.apps.applets.tests","Mon Jun 09 20:50:50 GMT 2025","passed","Mon Jun 09 20:50:50 GMT 2025","TestActivityItems","test_applet_activity_items","",""
"","25","test_cart_search[Applet-applet_four-2-1]","src.apps.library","Mon Jun 09 20:51:31 GMT 2025","passed","Mon Jun 09 20:51:31 GMT 2025","TestLibrary","tests","",""
"","34","test_get_flow_identifiers","src.apps.answers.tests","Mon Jun 09 20:50:02 GMT 2025","passed","Mon Jun 09 20:50:02 GMT 2025","TestAnswerActivityItems","test_answers","",""
"","23","test_create_answer__wrong_applet_version","src.apps.answers.tests","Mon Jun 09 20:49:52 GMT 2025","passed","Mon Jun 09 20:49:52 GMT 2025","TestAnswerActivityItems","test_answers","",""
"","18","test_get_current_user_for_ws__token_is_revoked","src.apps.authentication.tests.unit","Mon Jun 09 20:51:05 GMT 2025","passed","Mon Jun 09 20:51:05 GMT 2025","","test_auth_deps","",""
"","2","test_event_request__notification_reminder__reminder_time_can_not_be_none","src.apps.schedule.tests.unit.domain","Mon Jun 09 20:51:46 GMT 2025","passed","Mon Jun 09 20:51:46 GMT 2025","","test_schedule_request_data","",""
"","20","test_applet_get_respondent_not_found","src.apps.workspaces.tests","Mon Jun 09 20:52:11 GMT 2025","passed","Mon Jun 09 20:52:11 GMT 2025","TestWorkspaces","test_workspaces","",""
"","20","test_delete_item_choice","src.apps.activities.tests","Mon Jun 09 20:49:46 GMT 2025","passed","Mon Jun 09 20:49:46 GMT 2025","TestReusableItem","test_reusable_items","",""
"","12","test_delete_item_choice_does_not_exist","src.apps.activities.tests","Mon Jun 09 20:49:46 GMT 2025","passed","Mon Jun 09 20:49:46 GMT 2025","TestReusableItem","test_reusable_items","",""
"","33","test_workspace_applets_detail","src.apps.workspaces.tests","Mon Jun 09 20:52:09 GMT 2025","passed","Mon Jun 09 20:52:09 GMT 2025","TestWorkspaces","test_workspaces","",""
"","25","test_get_review_assessment","src.apps.answers.tests","Mon Jun 09 20:50:00 GMT 2025","passed","Mon Jun 09 20:50:00 GMT 2025","TestAnswerActivityItems","test_answers","",""
"","43","test_answers_export","src.apps.answers.tests","Mon Jun 09 20:50:01 GMT 2025","passed","Mon Jun 09 20:50:01 GMT 2025","TestAnswerActivityItems","test_answers","",""
"","34","test_assigned_performance_tasks[respondent]","src.apps.activities.tests","Mon Jun 09 20:49:45 GMT 2025","passed","Mon Jun 09 20:49:45 GMT 2025","TestActivities","test_activities","",""
"","312","test_refresh_token_key_transition","src.apps.authentication.tests","Mon Jun 09 20:51:03 GMT 2025","passed","Mon Jun 09 20:51:03 GMT 2025","TestAuthentication","test_auth","",""
"","1","test_event_request_with_random_notification__to_time_not_in_between_start_time_and_end_time[event_monthly_data-not_valid_to8]","src.apps.schedule.tests.unit.domain","Mon Jun 09 20:51:46 GMT 2025","passed","Mon Jun 09 20:51:46 GMT 2025","","test_schedule_request_data","",""
"","25","test_applet_assessment_retrive_for_submission","src.apps.answers.tests","Mon Jun 09 20:50:17 GMT 2025","passed","Mon Jun 09 20:50:17 GMT 2025","TestAnswerActivityItems","test_answers","",""
"","14","test_answer_activity_items_create_for_not_respondent","src.apps.answers.tests","Mon Jun 09 20:50:01 GMT 2025","passed","Mon Jun 09 20:50:01 GMT 2025","TestAnswerActivityItems","test_answers","",""
"","299","test_delete_individual_calendar__firebase_error_muted","src.apps.schedule.tests","Mon Jun 09 20:51:42 GMT 2025","passed","Mon Jun 09 20:51:42 GMT 2025","TestSchedule","test_schedule","",""
"","32","test_get_all_types_of_activity_identifiers","src.apps.answers.tests","Mon Jun 09 20:50:06 GMT 2025","passed","Mon Jun 09 20:50:06 GMT 2025","TestAnswerActivityItems","test_answers","",""
"","42","test_get_applet_answers_export_filter_by_respondent_id[tom-1]","src.apps.answers.tests","Mon Jun 09 20:50:31 GMT 2025","passed","Mon Jun 09 20:50:31 GMT 2025","TestAnswerActivityItems","test_answers_arbitrary","",""
"","13","test_create_answer__wrong_applet_version","src.apps.answers.tests","Mon Jun 09 20:50:26 GMT 2025","passed","Mon Jun 09 20:50:26 GMT 2025","TestAnswerActivityItems","test_answers_arbitrary","",""
"","1","test_event_cross_day_with_random_notification__from_time_not_in_between_start_time_and_end_time[event_weekly_data-not_valid_from2]","src.apps.schedule.tests.unit.domain","Mon Jun 09 20:51:46 GMT 2025","passed","Mon Jun 09 20:51:46 GMT 2025","","test_schedule_request_data","",""
"","2","test_get_tz_utc_offset[UTC-0]","src.infrastructure.tests.unit.http","Mon Jun 09 20:52:13 GMT 2025","passed","Mon Jun 09 20:52:13 GMT 2025","","test_deps","",""
"","36","test_workspace_coordinator_remove_respondent_access","src.apps.subjects.tests","Mon Jun 09 20:51:49 GMT 2025","passed","Mon Jun 09 20:51:49 GMT 2025","TestSubjects","tests","",""
"","2","test_get_versions_by_applet_id__not_found","src.apps.applets.tests.unit","Mon Jun 09 20:51:02 GMT 2025","passed","Mon Jun 09 20:51:02 GMT 2025","","test_applet_history_crud","",""
"","46","test_invite_existing_user[manager-editor-200-el]","src.apps.invitations","Mon Jun 09 20:51:20 GMT 2025","passed","Mon Jun 09 20:51:20 GMT 2025","TestInvite","test_invite","",""
"","16","test_get_current_user__token_is_revoked","src.apps.authentication.tests.unit","Mon Jun 09 20:51:05 GMT 2025","passed","Mon Jun 09 20:51:05 GMT 2025","","test_auth_deps","",""
"","485","test_applet_activities","src.apps.answers.tests","Mon Jun 09 20:50:00 GMT 2025","passed","Mon Jun 09 20:50:00 GMT 2025","TestAnswerActivityItems","test_answers","",""
"","1","test_create_single_multi_select_item__add_scores_is_true_with_scores_float_rounded[single_select_item_create]","src.apps.activities.tests.unit.domain","Mon Jun 09 20:49:46 GMT 2025","passed","Mon Jun 09 20:49:46 GMT 2025","","test_activity_item_create","",""
"","19","test_arbitrary_download_from_s3_gcp","src.apps.file","Mon Jun 09 20:51:09 GMT 2025","passed","Mon Jun 09 20:51:09 GMT 2025","TestAnswerActivityItems","test_file","",""
"","63","test_get_token_creating_user_success","src.apps.integrations.oneup_health.tests","Mon Jun 09 20:51:14 GMT 2025","passed","Mon Jun 09 20:51:14 GMT 2025","TestOneupHealth","test_oneup_health","",""
"","41","test_applet_set_data_retention_for_indefinite","src.apps.applets.tests","Mon Jun 09 20:50:59 GMT 2025","passed","Mon Jun 09 20:50:59 GMT 2025","TestSettings","test_applet_settings","",""
"","1","test_event_request_periodicity_not_always_no_required_fields[event_monthly_data-end_time]","src.apps.schedule.tests.unit.domain","Mon Jun 09 20:51:46 GMT 2025","passed","Mon Jun 09 20:51:46 GMT 2025","","test_schedule_request_data","",""
"","11","test_user_retrieve","src.apps.users.tests","Mon Jun 09 20:52:03 GMT 2025","passed","Mon Jun 09 20:52:03 GMT 2025","TestUser","test_user","",""
"","0","test_slider_rows_values_removed_row","src.apps.activities.tests.unit","Mon Jun 09 20:49:46 GMT 2025","passed","Mon Jun 09 20:49:46 GMT 2025","","test_activity_item_change","",""
"","536","test_verify_password__raise_exception","src.apps.authentication.tests.unit","Mon Jun 09 20:51:06 GMT 2025","passed","Mon Jun 09 20:51:07 GMT 2025","TestAuthService","test_auth_service","",""
"","31","test_set_workspace_manager_accesses","src.apps.workspaces.tests","Mon Jun 09 20:52:10 GMT 2025","passed","Mon Jun 09 20:52:10 GMT 2025","TestWorkspaces","test_workspaces","",""
"","1","test_validate_not_valid_hour_minute[<a href=""javascript:alert('Injected!')"">Click me</a>-<a>Click me</a>]","src.apps.shared.test.unit","Mon Jun 09 20:51:46 GMT 2025","passed","Mon Jun 09 20:51:46 GMT 2025","","test_shared_custom_validation","",""
"","55","test_invite_existing_user[coordinator-reviewer-200-el]","src.apps.invitations","Mon Jun 09 20:51:22 GMT 2025","passed","Mon Jun 09 20:51:22 GMT 2025","TestInvite","test_invite","",""
"","1","test_filter_events__cross_day_event_day_after_end_date_is_included","src.apps.applets.tests.unit","Mon Jun 09 20:51:02 GMT 2025","passed","Mon Jun 09 20:51:02 GMT 2025","TestEventsPeriodicityDaily","test_filter_schedule_events","",""
"","34","test_validate_multiinformant_assessment_fail_no_permissions","src.apps.answers.tests","Mon Jun 09 20:50:23 GMT 2025","passed","Mon Jun 09 20:50:23 GMT 2025","TestAnswerActivityItems","test_answers","",""
"","1","test_create_activity_item_conditional_logic_can_not_be_hidden","src.apps.activities.tests.unit.domain","Mon Jun 09 20:49:46 GMT 2025","passed","Mon Jun 09 20:49:46 GMT 2025","","test_activity_item_create","",""
"","41","test_add_submission_note","src.apps.answers.tests","Mon Jun 09 20:50:18 GMT 2025","passed","Mon Jun 09 20:50:18 GMT 2025","TestAnswerActivityItems","test_answers","",""
"","4","test_get_user_by_email_or_none__user_does_not_exist","src.apps.users.tests.unit","Mon Jun 09 20:52:04 GMT 2025","passed","Mon Jun 09 20:52:04 GMT 2025","","test_user_crud","",""
"","309","test_delete_individual_event_by_id__firebase_error_muted","src.apps.schedule.tests","Mon Jun 09 20:51:41 GMT 2025","passed","Mon Jun 09 20:51:42 GMT 2025","TestSchedule","test_schedule","",""
"","102","test_create_applet_flow_wrong_activity_key","src.apps.applets.tests","Mon Jun 09 20:50:51 GMT 2025","passed","Mon Jun 09 20:50:51 GMT 2025","TestActivityItems","test_applet_activity_items","",""
"","37","test_create_multiple_assignments_duplicated","src.apps.activity_assignments.tests","Mon Jun 09 20:49:48 GMT 2025","passed","Mon Jun 09 20:49:48 GMT 2025","TestActivityAssignments","test_assignments","",""
"","4","test_get_user_by_id","src.apps.users.tests.unit","Mon Jun 09 20:52:03 GMT 2025","passed","Mon Jun 09 20:52:03 GMT 2025","","test_user_crud","",""
"","15","test_public_applet_detail","src.apps.applets.tests","Mon Jun 09 20:50:38 GMT 2025","passed","Mon Jun 09 20:50:38 GMT 2025","TestApplet","test_applet","",""
"","0","test_filter_events[date4-1]","src.apps.applets.tests.unit","Mon Jun 09 20:51:02 GMT 2025","passed","Mon Jun 09 20:51:02 GMT 2025","TestEventsPeriodicityWeekdays","test_filter_schedule_events","",""
"","109","test_create_applet_with_each_activity_item[message_item_create]","src.apps.applets.tests","Mon Jun 09 20:50:47 GMT 2025","passed","Mon Jun 09 20:50:47 GMT 2025","TestActivityItems","test_applet_activity_items","",""
"","2","test_get_by_ids__applet_not_foud","src.apps.applets.tests.unit","Mon Jun 09 20:51:00 GMT 2025","passed","Mon Jun 09 20:51:00 GMT 2025","","test_applet_crud","",""
"","69","test_workspace_respondent_status","src.apps.workspaces.tests","Mon Jun 09 20:52:13 GMT 2025","passed","Mon Jun 09 20:52:13 GMT 2025","TestWorkspaces","test_workspaces","",""
"","279","test_create_prolific_respondent__created_only_once","src.apps.users.tests.unit","Mon Jun 09 20:52:06 GMT 2025","passed","Mon Jun 09 20:52:06 GMT 2025","","test_user_service","",""
"","9","test_schedule_update_with_equal_start_end_time","src.apps.schedule.tests","Mon Jun 09 20:51:35 GMT 2025","passed","Mon Jun 09 20:51:35 GMT 2025","TestSchedule","test_schedule","",""
"","1","test_validate_not_valid_hour_minute[<h2 data-line=""20"" id=""\U0001f917 Demo"">\U0001f917 Demo</h2>-<h2 data-line=""20"" id=""\U0001f917 Demo"">\U0001f917 Demo</h2>]","src.apps.shared.test.unit","Mon Jun 09 20:51:46 GMT 2025","passed","Mon Jun 09 20:51:46 GMT 2025","","test_shared_custom_validation","",""
"","0","test_validator_successful_create_between_condition[payload0]","src.apps.activities.tests.unit.domain","Mon Jun 09 20:49:46 GMT 2025","passed","Mon Jun 09 20:49:46 GMT 2025","TestValidateItemFlow","test_custom_validation","",""
"","81","test_invite_and_accept_invitation_as_respondent","src.apps.invitations","Mon Jun 09 20:51:28 GMT 2025","passed","Mon Jun 09 20:51:28 GMT 2025","TestInvite","test_invite","",""
"","25","test_init_transfer__user_to_does_not_exist","src.apps.transfer_ownership","Mon Jun 09 20:51:53 GMT 2025","passed","Mon Jun 09 20:51:53 GMT 2025","TestTransfer","tests","",""
"","150","test_assigned_hidden_activities[target]","src.apps.activities.tests","Mon Jun 09 20:49:44 GMT 2025","passed","Mon Jun 09 20:49:44 GMT 2025","TestActivities","test_activities","",""
"","1","test_create_activity_item_slider_alerts_provided_but_set_alerts_not_set","src.apps.activities.tests.unit.domain","Mon Jun 09 20:49:46 GMT 2025","passed","Mon Jun 09 20:49:46 GMT 2025","","test_activity_item_create","",""
"","16","test_download_logs__days_in_query_parameters_are_required","src.apps.file","Mon Jun 09 20:51:12 GMT 2025","passed","Mon Jun 09 20:51:12 GMT 2025","TestAnswerActivityItems","test_file","",""
"Test the _process_data_transfer function with some timeouts.","83","test_process_data_transfer_with_timeouts","src.apps.integrations.oneup_health.tests","Mon Jun 09 20:51:17 GMT 2025","passed","Mon Jun 09 20:51:17 GMT 2025","TestTaskIngestUserData","test_task","",""
"","1","test_get_current_refresh_token","src.apps.authentication.tests.unit","Mon Jun 09 20:51:05 GMT 2025","passed","Mon Jun 09 20:51:05 GMT 2025","","test_auth_deps","",""
"","28","test_summary_flow_list_order_completed_submissions_only","src.apps.answers.tests","Mon Jun 09 20:50:15 GMT 2025","passed","Mon Jun 09 20:50:15 GMT 2025","TestAnswerActivityItems","test_answers","",""
"","0","test_without_report","src.apps.activities.tests.unit.domain","Mon Jun 09 20:49:46 GMT 2025","passed","Mon Jun 09 20:49:46 GMT 2025","TestValidateScoreAndSections","test_custom_validation","",""
"","4","test_get_user_by_email","src.apps.users.tests.unit","Mon Jun 09 20:52:05 GMT 2025","passed","Mon Jun 09 20:52:05 GMT 2025","","test_user_service","",""
"","34","test_get_target_subjects_by_respondent_limited_account_respondent","src.apps.subjects.tests","Mon Jun 09 20:51:49 GMT 2025","passed","Mon Jun 09 20:51:49 GMT 2025","TestSubjects","tests","",""
"Test the exponential backoff calculation with different retry counts.","1","test_exponential_backoff","src.apps.integrations.oneup_health.tests","Mon Jun 09 20:51:17 GMT 2025","passed","Mon Jun 09 20:51:17 GMT 2025","TestTaskIngestUserData","test_task","",""
"","48","test_invite_existing_user[admin-editor-200-el]","src.apps.invitations","Mon Jun 09 20:51:19 GMT 2025","passed","Mon Jun 09 20:51:19 GMT 2025","TestInvite","test_invite","",""
"","1031","test_reencrypt_answers_exception_during_reencrypt_with_retries","src.apps.users.tests","Mon Jun 09 20:52:01 GMT 2025","passed","Mon Jun 09 20:52:02 GMT 2025","","test_reencrypt_user_answers","",""
"","28","test_workspace_applets_list_by_folder_id_filter","src.apps.workspaces.tests","Mon Jun 09 20:52:09 GMT 2025","passed","Mon Jun 09 20:52:09 GMT 2025","TestWorkspaces","test_workspaces","",""
"","2","test_create_single_multi_select_row_item_no_datamatrix[single_select_row_item_create-add_scores]","src.apps.activities.tests.unit.domain","Mon Jun 09 20:49:46 GMT 2025","passed","Mon Jun 09 20:49:46 GMT 2025","","test_activity_item_create","",""
"","30","test_update_theme","src.apps.themes","Mon Jun 09 20:51:52 GMT 2025","passed","Mon Jun 09 20:51:52 GMT 2025","TestThemes","tests","",""
"","1","test_validate_not_valid_hour_minute[<input type=""text"" value=""<img src=x onerror=alert('Injected!')>"">-]","src.apps.shared.test.unit","Mon Jun 09 20:51:46 GMT 2025","passed","Mon Jun 09 20:51:46 GMT 2025","","test_shared_custom_validation","",""
"","2","test_change_status_with_details[error]","src.apps.job.tests","Mon Jun 09 20:51:29 GMT 2025","passed","Mon Jun 09 20:51:29 GMT 2025","","test_jobs_services","",""
"","37","test_delete_submission_note","src.apps.answers.tests","Mon Jun 09 20:50:19 GMT 2025","passed","Mon Jun 09 20:50:19 GMT 2025","TestAnswerActivityItems","test_answers","",""
"","1","test_single_select_rows_option_text_update","src.apps.activities.tests.unit","Mon Jun 09 20:49:46 GMT 2025","passed","Mon Jun 09 20:49:46 GMT 2025","","test_activity_item_change","",""
"","42","test_invite_existing_user[admin-reviewer-200-fr]","src.apps.invitations","Mon Jun 09 20:51:19 GMT 2025","passed","Mon Jun 09 20:51:19 GMT 2025","TestInvite","test_invite","",""
"","29","test_applets_with_description","src.apps.workspaces.tests","Mon Jun 09 20:52:11 GMT 2025","passed","Mon Jun 09 20:52:11 GMT 2025","TestWorkspaces","test_workspaces","",""
"","2","test_single_multi_select_item_row__option_value_is_none[multi_select_row_item_create]","src.apps.activities.tests.unit.domain","Mon Jun 09 20:49:46 GMT 2025","passed","Mon Jun 09 20:49:46 GMT 2025","","test_activity_item_create","",""
"","21","test_answer_download_client_error__cdn_client_object_not_found_error","src.apps.file","Mon Jun 09 20:51:11 GMT 2025","passed","Mon Jun 09 20:51:11 GMT 2025","TestAnswerActivityItems","test_file","",""
"","1","test_filter_events__cross_day_event[2-0]","src.apps.applets.tests.unit","Mon Jun 09 20:51:02 GMT 2025","passed","Mon Jun 09 20:51:02 GMT 2025","TestEventsPeriodicityOnce","test_filter_schedule_events","",""
"","1","test_event_request_with_random_notification__to_time_not_in_between_start_time_and_end_time[event_weekly_data-not_valid_to5]","src.apps.schedule.tests.unit.domain","Mon Jun 09 20:51:46 GMT 2025","passed","Mon Jun 09 20:51:46 GMT 2025","","test_schedule_request_data","",""
"","11","test_get_versions_for_not_existed_applet","src.apps.applets.tests","Mon Jun 09 20:50:38 GMT 2025","passed","Mon Jun 09 20:50:38 GMT 2025","TestApplet","test_applet","",""
"","87","test_answer_get_export_data__answer_from_manager","src.apps.answers.tests","Mon Jun 09 20:49:57 GMT 2025","passed","Mon Jun 09 20:49:57 GMT 2025","TestAnswerActivityItems","test_answers","",""
"","28","test_arbitrary_upload_to_s3_gcp","src.apps.file","Mon Jun 09 20:51:09 GMT 2025","passed","Mon Jun 09 20:51:09 GMT 2025","TestAnswerActivityItems","test_file","",""
"","1","test_user_get_full_name","src.apps.users.tests.unit","Mon Jun 09 20:52:04 GMT 2025","passed","Mon Jun 09 20:52:04 GMT 2025","","test_user_crud","",""
"","1","test_peridocity_selected_date_is_required[WEEKLY]","src.apps.schedule.tests.unit.domain","Mon Jun 09 20:51:46 GMT 2025","passed","Mon Jun 09 20:51:46 GMT 2025","","test_schedule_request_data","",""
"","14","test_coordinator_can_NOT_invite_new_reviewer_for_a_specific_respondent","src.apps.invitations","Mon Jun 09 20:51:28 GMT 2025","passed","Mon Jun 09 20:51:28 GMT 2025","TestInvite","test_invite","",""
"","2","test_revoke_access_token__there_is_no_rjti","src.apps.authentication.tests.unit","Mon Jun 09 20:51:09 GMT 2025","passed","Mon Jun 09 20:51:09 GMT 2025","TestAuthService","test_auth_service","",""
"","4","test_get_applets_by_display_name__id_is_excluded","src.apps.applets.tests.unit","Mon Jun 09 20:51:00 GMT 2025","passed","Mon Jun 09 20:51:00 GMT 2025","","test_applet_crud","",""
"","23","test_cart_search[One-applet_three-1-10]","src.apps.library","Mon Jun 09 20:51:30 GMT 2025","passed","Mon Jun 09 20:51:30 GMT 2025","TestLibrary","tests","",""
"","1","test_validate_not_valid_hour_minute[<a href=""http://test.com/test"">Click me</a>-<a href=""http://test.com/test"">Click me</a>]","src.apps.shared.test.unit","Mon Jun 09 20:51:46 GMT 2025","passed","Mon Jun 09 20:51:46 GMT 2025","","test_shared_custom_validation","",""
"","37","test_summary_get_versions_deleted_from_flow","src.apps.answers.tests","Mon Jun 09 20:50:21 GMT 2025","passed","Mon Jun 09 20:50:21 GMT 2025","TestAnswerActivityItems","test_answers","",""
"","27","test_schedule_get_all_by_respondent_user__store_device_properties_existing_record","src.apps.schedule.tests","Mon Jun 09 20:51:37 GMT 2025","passed","Mon Jun 09 20:51:37 GMT 2025","TestSchedule","test_schedule","",""
"","43","test_invite_existing_user[admin-reviewer-200-el]","src.apps.invitations","Mon Jun 09 20:51:19 GMT 2025","passed","Mon Jun 09 20:51:19 GMT 2025","TestInvite","test_invite","",""
"","35","test_get_flow_submissions_filters_no_data[query_params1]","src.apps.answers.tests","Mon Jun 09 20:50:10 GMT 2025","passed","Mon Jun 09 20:50:10 GMT 2025","TestAnswerActivityItems","test_answers","",""
"","44","test_get_applet_answers_export_filter_by_respondent_id[tom-1]","src.apps.answers.tests","Mon Jun 09 20:50:02 GMT 2025","passed","Mon Jun 09 20:50:02 GMT 2025","TestAnswerActivityItems","test_answers","",""
"","1","test_arbitrary_workspace_gcp_required_fields[storage_bucket]","src.apps.workspaces.tests.unit.domain","Mon Jun 09 20:52:13 GMT 2025","passed","Mon Jun 09 20:52:13 GMT 2025","","test_workspace_arbitrary","",""
"","184","test_manager_can_update_applet_with_same_name_as_own_applet","src.apps.applets.tests","Mon Jun 09 20:50:36 GMT 2025","passed","Mon Jun 09 20:50:36 GMT 2025","TestApplet","test_applet","",""
"","346","test_new_user_accept_decline_invitation[approved-accept_url-post]","src.apps.invitations","Mon Jun 09 20:51:25 GMT 2025","passed","Mon Jun 09 20:51:25 GMT 2025","TestInvite","test_invite","",""
"","22","test_invitation_list","src.apps.invitations","Mon Jun 09 20:51:24 GMT 2025","passed","Mon Jun 09 20:51:24 GMT 2025","TestInvite","test_invite","",""
"","19","test_answer_download_client_error__file_not_found","src.apps.file","Mon Jun 09 20:51:10 GMT 2025","passed","Mon Jun 09 20:51:10 GMT 2025","TestAnswerActivityItems","test_file","",""
"","27","test_get_summary_activities_no_answer_no_empty_deleted_history","src.apps.answers.tests","Mon Jun 09 20:50:14 GMT 2025","passed","Mon Jun 09 20:50:14 GMT 2025","TestAnswerActivityItems","test_answers","",""
"","35","test_get_reviewer_subject","src.apps.subjects.tests","Mon Jun 09 20:51:48 GMT 2025","passed","Mon Jun 09 20:51:48 GMT 2025","TestSubjects","tests","",""
"","1","test_create_activity_item_slider_min_value_greater_then_max_value","src.apps.activities.tests.unit.domain","Mon Jun 09 20:49:46 GMT 2025","passed","Mon Jun 09 20:49:46 GMT 2025","","test_activity_item_create","",""
"","17","test_get_applet_changes__version_is_not_valid[0.0]","src.apps.applets.tests","Mon Jun 09 20:50:44 GMT 2025","passed","Mon Jun 09 20:50:44 GMT 2025","TestApplet","test_applet","",""
"","26","test_generate_upload_url[test1.jpg]","src.apps.file","Mon Jun 09 20:51:10 GMT 2025","passed","Mon Jun 09 20:51:10 GMT 2025","TestAnswerActivityItems","test_file","",""
"","1","test_create_item__not_valid_response_type[None]","src.apps.activities.tests.unit.domain","Mon Jun 09 20:49:46 GMT 2025","passed","Mon Jun 09 20:49:46 GMT 2025","","test_activity_item_create","",""
"","1","test_number_selection_response_values_min_value_is_equal_max_value","src.apps.activities.tests.unit.domain","Mon Jun 09 20:49:46 GMT 2025","passed","Mon Jun 09 20:49:46 GMT 2025","","test_activity_item_create","",""
"","13","test_initiate_transfer_fail","src.apps.transfer_ownership","Mon Jun 09 20:51:52 GMT 2025","passed","Mon Jun 09 20:51:52 GMT 2025","TestTransfer","tests","",""
"","0","test_validator_successful_create_lt_condition[payload0]","src.apps.activities.tests.unit.domain","Mon Jun 09 20:49:46 GMT 2025","passed","Mon Jun 09 20:49:46 GMT 2025","TestValidateItemFlow","test_custom_validation","",""
"","1","test_filter_events[date0-0]","src.apps.applets.tests.unit","Mon Jun 09 20:51:02 GMT 2025","passed","Mon Jun 09 20:51:02 GMT 2025","TestEventsPeriodicityDaily","test_filter_schedule_events","",""
"","131","test_get_workspace_respondents","src.apps.workspaces.tests","Mon Jun 09 20:52:09 GMT 2025","passed","Mon Jun 09 20:52:09 GMT 2025","TestWorkspaces","test_workspaces","",""
"","97","test_get_unique_name_for_applet__applet_name_with_number","src.apps.applets.tests","Mon Jun 09 20:50:44 GMT 2025","passed","Mon Jun 09 20:50:44 GMT 2025","TestApplet","test_applet","",""
"","26","test_unpin_applet_by_role_manager","src.apps.folders","Mon Jun 09 20:51:13 GMT 2025","passed","Mon Jun 09 20:51:13 GMT 2025","TestFolder","test_folder","",""
"","46","test_applet_in_library_item_with_response_values","src.apps.library","Mon Jun 09 20:51:31 GMT 2025","passed","Mon Jun 09 20:51:31 GMT 2025","TestLibrary","tests","",""
"","64","test_assigned_activities_auto_assigned[target]","src.apps.activities.tests","Mon Jun 09 20:49:43 GMT 2025","passed","Mon Jun 09 20:49:43 GMT 2025","TestActivities","test_activities","",""
"","2","test_event_request_with_random_notification__from_time_not_in_between_start_time_and_end_time[event_monthly_data-not_valid_from8]","src.apps.schedule.tests.unit.domain","Mon Jun 09 20:51:46 GMT 2025","passed","Mon Jun 09 20:51:46 GMT 2025","","test_schedule_request_data","",""
"","32","test_assigned_activities_empty_applet[respondent]","src.apps.activities.tests","Mon Jun 09 20:49:43 GMT 2025","passed","Mon Jun 09 20:49:43 GMT 2025","TestActivities","test_activities","",""
"","6","test_seed_invalid_first_event_periodicity","src.apps.applets.tests","Mon Jun 09 20:50:59 GMT 2025","passed","Mon Jun 09 20:50:59 GMT 2025","TestAppletSeedV1","test_applet_seed","",""
"","46","test_answer_flow_items_create_for_respondent","src.apps.answers.tests","Mon Jun 09 20:49:57 GMT 2025","passed","Mon Jun 09 20:49:57 GMT 2025","TestAnswerActivityItems","test_answers","",""
"","16","test_delete_folder_by_manager","src.apps.folders","Mon Jun 09 20:51:13 GMT 2025","passed","Mon Jun 09 20:51:13 GMT 2025","TestFolder","test_folder","",""
"","19","test_check_answer_file_uploaded__not_valid_user_role","src.apps.file","Mon Jun 09 20:51:11 GMT 2025","passed","Mon Jun 09 20:51:11 GMT 2025","TestAnswerActivityItems","test_file","",""
"","1","test_get_changes_not_set_fields_are_not_tracked","src.apps.applets.tests.unit","Mon Jun 09 20:51:00 GMT 2025","passed","Mon Jun 09 20:51:00 GMT 2025","","test_applet_changes","",""
"","0","test_create_activity_item_slider_alerts_not_valid_alert_value","src.apps.activities.tests.unit.domain","Mon Jun 09 20:49:46 GMT 2025","passed","Mon Jun 09 20:49:46 GMT 2025","","test_activity_item_create","",""
"","92","test_resend_invitation_for_respondent_with_pending_invitation_only_last_key_valid","src.apps.invitations","Mon Jun 09 20:51:26 GMT 2025","passed","Mon Jun 09 20:51:26 GMT 2025","TestInvite","test_invite","",""
"","1","test_single_selection_values_update","src.apps.activities.tests.unit","Mon Jun 09 20:49:46 GMT 2025","passed","Mon Jun 09 20:49:46 GMT 2025","","test_activity_item_change","",""
"","1","test_notification_random__from_end_time_are_required[from_time]","src.apps.schedule.tests.unit.domain","Mon Jun 09 20:51:46 GMT 2025","passed","Mon Jun 09 20:51:46 GMT 2025","","test_schedule_request_data","",""
"","1","test_single_selection_config_updated","src.apps.activities.tests.unit","Mon Jun 09 20:49:46 GMT 2025","passed","Mon Jun 09 20:49:46 GMT 2025","","test_activity_item_change","",""
"","13","test_check_existance_answer_does_not_exist[created_at-1749502172042.342]","src.apps.answers.tests","Mon Jun 09 20:50:33 GMT 2025","passed","Mon Jun 09 20:50:34 GMT 2025","TestAnswerActivityItems","test_answers_arbitrary","",""
"","1","test_filter_events__cross_day[date0-0]","src.apps.applets.tests.unit","Mon Jun 09 20:51:02 GMT 2025","passed","Mon Jun 09 20:51:02 GMT 2025","TestEventsPeriodicityWeekdays","test_filter_schedule_events","",""
"","1","test_multi_select_response_values_multiple_none_options","src.apps.activities.tests.unit.domain","Mon Jun 09 20:49:46 GMT 2025","passed","Mon Jun 09 20:49:46 GMT 2025","","test_activity_item_create","",""
"","2","test_change_status_without_details","src.apps.job.tests","Mon Jun 09 20:51:29 GMT 2025","passed","Mon Jun 09 20:51:29 GMT 2025","","test_jobs_services","",""
"","46","test_create_answer_with_wrong_event_history_id","src.apps.answers.tests","Mon Jun 09 20:49:52 GMT 2025","passed","Mon Jun 09 20:49:53 GMT 2025","TestAnswerActivityItems","test_answers","",""
"","42","test_invite_existing_user[admin-editor-200-fr]","src.apps.invitations","Mon Jun 09 20:51:19 GMT 2025","passed","Mon Jun 09 20:51:19 GMT 2025","TestInvite","test_invite","",""
"","13","test_update_applet_duplicate_name_activity","src.apps.applets.tests","Mon Jun 09 20:50:37 GMT 2025","passed","Mon Jun 09 20:50:37 GMT 2025","TestApplet","test_applet","",""
"","0","test_incorrect_sections_item_type","src.apps.activities.tests.unit.domain","Mon Jun 09 20:49:46 GMT 2025","passed","Mon Jun 09 20:49:46 GMT 2025","TestValidateScoreAndSections","test_custom_validation","",""
"","14","test_create_folder_with_already_exists","src.apps.folders","Mon Jun 09 20:51:12 GMT 2025","passed","Mon Jun 09 20:51:12 GMT 2025","TestFolder","test_folder","",""
"","8","test_get_current_user","src.apps.authentication.tests.unit","Mon Jun 09 20:51:05 GMT 2025","passed","Mon Jun 09 20:51:05 GMT 2025","","test_auth_deps","",""
"","21","test_schedule_get_all__only_default_events","src.apps.schedule.tests","Mon Jun 09 20:51:34 GMT 2025","passed","Mon Jun 09 20:51:34 GMT 2025","TestSchedule","test_schedule","",""
"","90","test_create_duplicate_name_applet[duplicate name]","src.apps.applets.tests","Mon Jun 09 20:50:35 GMT 2025","passed","Mon Jun 09 20:50:35 GMT 2025","TestApplet","test_applet","",""
"","0","test_filter_events__cross_day[date2-1]","src.apps.applets.tests.unit","Mon Jun 09 20:51:02 GMT 2025","passed","Mon Jun 09 20:51:02 GMT 2025","TestEventsPeriodicityWeekdays","test_filter_schedule_events","",""
"","13","test_decline_wrong_transfer","src.apps.transfer_ownership","Mon Jun 09 20:51:52 GMT 2025","passed","Mon Jun 09 20:51:52 GMT 2025","TestTransfer","tests","",""
"","1","test_validate_not_valid_hour_minute[hours-24-HourRangeError]","src.apps.schedule.tests.unit.domain","Mon Jun 09 20:51:46 GMT 2025","passed","Mon Jun 09 20:51:46 GMT 2025","","test_schedule_request_data","",""
"","28","test_subject_assigned_activities_empty_applet","src.apps.activities.tests","Mon Jun 09 20:49:41 GMT 2025","passed","Mon Jun 09 20:49:41 GMT 2025","TestActivities","test_activities","",""
"","0","test_create_item_with_drawing_response_values_proportion_from_json[N/A]","src.apps.activities.tests.unit.domain","Mon Jun 09 20:49:46 GMT 2025","passed","Mon Jun 09 20:49:46 GMT 2025","","test_activity_item_create","",""
"","35","test_delete_note","src.apps.answers.tests","Mon Jun 09 20:50:01 GMT 2025","passed","Mon Jun 09 20:50:01 GMT 2025","TestAnswerActivityItems","test_answers","",""
"","47","test_invite_existing_user[manager-manager-200-fr]","src.apps.invitations","Mon Jun 09 20:51:20 GMT 2025","passed","Mon Jun 09 20:51:20 GMT 2025","TestInvite","test_invite","",""
"","277","test_create_prolific_respondent","src.apps.users.tests.unit","Mon Jun 09 20:52:06 GMT 2025","passed","Mon Jun 09 20:52:06 GMT 2025","","test_user_service","",""
"","15","test_folder_list","src.apps.folders","Mon Jun 09 20:51:12 GMT 2025","passed","Mon Jun 09 20:51:12 GMT 2025","TestFolder","test_folder","",""
"","1","test_subscale_inside_subscale_error","src.apps.activities.tests.unit.domain","Mon Jun 09 20:49:46 GMT 2025","passed","Mon Jun 09 20:49:46 GMT 2025","TestValidateSubscales","test_custom_validation","",""
"","35","test_watch_alert","src.apps.alerts","Mon Jun 09 20:49:51 GMT 2025","passed","Mon Jun 09 20:49:51 GMT 2025","TestAlert","test_alerts","",""
"","12","test_assigned_activities_invalid_applet[target]","src.apps.activities.tests","Mon Jun 09 20:49:42 GMT 2025","passed","Mon Jun 09 20:49:42 GMT 2025","TestActivities","test_activities","",""
"","0","test_create_activity_item_slider_alerts_min_value_greater_then_max_value","src.apps.activities.tests.unit.domain","Mon Jun 09 20:49:46 GMT 2025","passed","Mon Jun 09 20:49:46 GMT 2025","","test_activity_item_create","",""
"","0","test_initial_single_selection_config_change","src.apps.activities.tests.unit","Mon Jun 09 20:49:46 GMT 2025","passed","Mon Jun 09 20:49:46 GMT 2025","","test_activity_item_change","",""
"","2","test_create_user_model_with_extra_fields__extra_field_ignored","src.apps.users.tests.unit","Mon Jun 09 20:52:05 GMT 2025","passed","Mon Jun 09 20:52:05 GMT 2025","","test_user_domain","",""
"","208","test_success","src.apps.integrations.oneup_health.tests","Mon Jun 09 20:51:16 GMT 2025","passed","Mon Jun 09 20:51:16 GMT 2025","TestTaskIngestUserData","test_task","",""
"","0","test_single_selection_additional_option_enabled[text_input_required-Input Required was enabled]","src.apps.activities.tests.unit","Mon Jun 09 20:49:47 GMT 2025","passed","Mon Jun 09 20:49:47 GMT 2025","","test_activity_item_change","",""
"","294","test_logout2","src.apps.authentication.tests","Mon Jun 09 20:51:04 GMT 2025","passed","Mon Jun 09 20:51:04 GMT 2025","TestAuthentication","test_auth","",""
"","73","test_list_submit_dates_with_activity_id_from_flow","src.apps.answers.tests","Mon Jun 09 20:49:56 GMT 2025","passed","Mon Jun 09 20:49:56 GMT 2025","TestAnswerActivityItems","test_answers","",""
"","17","test_update_report_config_for_activity__activity_from_another_applet","src.apps.applets.tests","Mon Jun 09 20:50:41 GMT 2025","passed","Mon Jun 09 20:50:41 GMT 2025","TestApplet","test_applet","",""
"","18","test_get_all_activity_versions_for_applet","src.apps.answers.tests","Mon Jun 09 20:50:03 GMT 2025","passed","Mon Jun 09 20:50:03 GMT 2025","TestAnswerActivityItems","test_answers","",""
"","24","test_download_logs__unknown_error","src.apps.file","Mon Jun 09 20:51:12 GMT 2025","passed","Mon Jun 09 20:51:12 GMT 2025","TestAnswerActivityItems","test_file","",""
"","15","test_assigned_activities_participant_other[target]","src.apps.activities.tests","Mon Jun 09 20:49:42 GMT 2025","passed","Mon Jun 09 20:49:42 GMT 2025","TestActivities","test_activities","",""
"","16","test_assigned_activities_participant[target]","src.apps.activities.tests","Mon Jun 09 20:49:42 GMT 2025","passed","Mon Jun 09 20:49:42 GMT 2025","TestActivities","test_activities","",""
"","20","test_fail_answered_applet_not_existed_activities","src.apps.answers.tests","Mon Jun 09 20:50:28 GMT 2025","passed","Mon Jun 09 20:50:28 GMT 2025","TestAnswerActivityItems","test_answers_arbitrary","",""
"","1","test_event_request_with_random_notification__from_time_not_in_between_start_time_and_end_time[event_daily_data-not_valid_from0]","src.apps.schedule.tests.unit.domain","Mon Jun 09 20:51:46 GMT 2025","passed","Mon Jun 09 20:51:46 GMT 2025","","test_schedule_request_data","",""
"","20","test_applet_get_respondent_success","src.apps.workspaces.tests","Mon Jun 09 20:52:11 GMT 2025","passed","Mon Jun 09 20:52:11 GMT 2025","TestWorkspaces","test_workspaces","",""
"","22","test_private_invitation_accept_invitation_does_not_exist","src.apps.invitations","Mon Jun 09 20:51:27 GMT 2025","passed","Mon Jun 09 20:51:27 GMT 2025","TestInvite","test_invite","",""
"","1","test_create_single_multi_select_item__add_scores_is_true_without_scores[single_select_item_create]","src.apps.activities.tests.unit.domain","Mon Jun 09 20:49:46 GMT 2025","passed","Mon Jun 09 20:49:46 GMT 2025","","test_activity_item_create","",""
"","514","test_answer_reviewer_count_for_multiple_reviews","src.apps.answers.tests","Mon Jun 09 20:50:06 GMT 2025","passed","Mon Jun 09 20:50:07 GMT 2025","TestAnswerActivityItems","test_answers","",""
"","36","test_library_share_with_empty_kw[None-exp_kw3-201-True]","src.apps.library","Mon Jun 09 20:51:32 GMT 2025","passed","Mon Jun 09 20:51:32 GMT 2025","TestLibrary","tests","",""
"","140","test_pin_workspace_managers","src.apps.workspaces.tests","Mon Jun 09 20:52:11 GMT 2025","passed","Mon Jun 09 20:52:11 GMT 2025","TestWorkspaces","test_workspaces","",""
"","0","test_filter_events__start_date_is_last_day_of_month[date2-1]","src.apps.applets.tests.unit","Mon Jun 09 20:51:02 GMT 2025","passed","Mon Jun 09 20:51:02 GMT 2025","TestEventsPeriodicityMontly","test_filter_schedule_events","",""
"","0","test_get_current_user_for_ws__no_protocol_header","src.apps.authentication.tests.unit","Mon Jun 09 20:51:05 GMT 2025","passed","Mon Jun 09 20:51:05 GMT 2025","","test_auth_deps","",""
"","0","test_notification_fixed__at_time_is_required","src.apps.schedule.tests.unit.domain","Mon Jun 09 20:51:46 GMT 2025","passed","Mon Jun 09 20:51:46 GMT 2025","","test_schedule_request_data","",""
"","31","test_update_subject[1]","src.apps.subjects.tests","Mon Jun 09 20:51:47 GMT 2025","passed","Mon Jun 09 20:51:47 GMT 2025","TestSubjects","tests","",""
"","2","test_change_status_with_details[retry]","src.apps.job.tests","Mon Jun 09 20:51:29 GMT 2025","passed","Mon Jun 09 20:51:29 GMT 2025","","test_jobs_services","",""
"","28","test_deleted_flow_not_included_in_submission_list","src.apps.answers.tests","Mon Jun 09 20:50:15 GMT 2025","passed","Mon Jun 09 20:50:15 GMT 2025","TestAnswerActivityItems","test_answers","",""
"","18","test_workspace_roles_retrieve","src.apps.workspaces.tests","Mon Jun 09 20:52:08 GMT 2025","passed","Mon Jun 09 20:52:08 GMT 2025","TestWorkspaces","test_workspaces","",""
"","1","test_event_request__both_activity_and_flow_are_provided","src.apps.schedule.tests.unit.domain","Mon Jun 09 20:51:45 GMT 2025","passed","Mon Jun 09 20:51:45 GMT 2025","","test_schedule_request_data","",""
"","10","test_send_incorrect_role_to_invite_managers","src.apps.invitations","Mon Jun 09 20:51:27 GMT 2025","passed","Mon Jun 09 20:51:27 GMT 2025","TestInvite","test_invite","",""
"","100","test_create_applet_with_each_activity_item[multi_select_row_item_create]","src.apps.applets.tests","Mon Jun 09 20:50:46 GMT 2025","passed","Mon Jun 09 20:50:46 GMT 2025","TestActivityItems","test_applet_activity_items","",""
"","210","test_reencrypt_answers_success","src.apps.users.tests","Mon Jun 09 20:52:00 GMT 2025","passed","Mon Jun 09 20:52:00 GMT 2025","","test_reencrypt_user_answers","",""
"","16","test_applet_access_link_create_by_manager","src.apps.applets.tests","Mon Jun 09 20:50:54 GMT 2025","passed","Mon Jun 09 20:50:54 GMT 2025","TestLink","test_applet_link","",""
"","1","test_event_request_with_random_notification__from_time_not_in_between_start_time_and_end_time[event_daily_data-not_valid_from1]","src.apps.schedule.tests.unit.domain","Mon Jun 09 20:51:46 GMT 2025","passed","Mon Jun 09 20:51:46 GMT 2025","","test_schedule_request_data","",""
"","23","test_access_to_activity_list[editor-403]","src.apps.answers.tests","Mon Jun 09 20:50:13 GMT 2025","passed","Mon Jun 09 20:50:13 GMT 2025","TestAnswerActivityItems","test_answers","",""
"","833","test_password_update","src.apps.users.tests","Mon Jun 09 20:51:53 GMT 2025","passed","Mon Jun 09 20:51:54 GMT 2025","TestPassword","test_password","",""
"","1","test_single_time_payload_unknown_item_type","src.apps.activities.tests.unit.domain","Mon Jun 09 20:49:46 GMT 2025","passed","Mon Jun 09 20:49:46 GMT 2025","TestValidateItemFlow","test_custom_validation","",""
"","67","test_pin_subject_wrong_owner","src.apps.workspaces.tests","Mon Jun 09 20:52:12 GMT 2025","passed","Mon Jun 09 20:52:12 GMT 2025","TestWorkspaces","test_workspaces","",""
"","44","test_answer_with_skipping_all","src.apps.answers.tests","Mon Jun 09 20:49:58 GMT 2025","passed","Mon Jun 09 20:49:59 GMT 2025","TestAnswerActivityItems","test_answers","",""
"","1","test_event_request_with_random_notification__to_time_not_in_between_start_time_and_end_time[event_weekdays_data-not_valid_to7]","src.apps.schedule.tests.unit.domain","Mon Jun 09 20:51:46 GMT 2025","passed","Mon Jun 09 20:51:46 GMT 2025","","test_schedule_request_data","",""
"","108","test_create_applet_with_each_activity_item[time_range_item_create]","src.apps.applets.tests","Mon Jun 09 20:50:46 GMT 2025","passed","Mon Jun 09 20:50:46 GMT 2025","TestActivityItems","test_applet_activity_items","",""
"","23","test_user_get_events__event_with_reminder_and_notifications","src.apps.schedule.tests","Mon Jun 09 20:51:45 GMT 2025","passed","Mon Jun 09 20:51:45 GMT 2025","TestSchedule","test_schedule","",""
"","31","test_validate_multiinformant_assessment_fail_no_applet","src.apps.answers.tests","Mon Jun 09 20:50:22 GMT 2025","passed","Mon Jun 09 20:50:22 GMT 2025","TestAnswerActivityItems","test_answers","",""
"","1","test_filter_events__cross_day__friday_is_end_date","src.apps.applets.tests.unit","Mon Jun 09 20:51:02 GMT 2025","passed","Mon Jun 09 20:51:02 GMT 2025","TestEventsPeriodicityWeekdays","test_filter_schedule_events","",""
"","54","test_invite_existing_user[coordinator-respondent-200-fr]","src.apps.invitations","Mon Jun 09 20:51:21 GMT 2025","passed","Mon Jun 09 20:51:21 GMT 2025","TestInvite","test_invite","",""
"","78","test_create_flow_answer__correct_order","src.apps.answers.tests","Mon Jun 09 20:49:54 GMT 2025","passed","Mon Jun 09 20:49:54 GMT 2025","TestAnswerActivityItems","test_answers","",""
"","127","test_create_applet_with_performance_task[activity_ab_trails_mobile_create-ABTrails]","src.apps.applets.tests","Mon Jun 09 20:50:48 GMT 2025","passed","Mon Jun 09 20:50:48 GMT 2025","TestActivityItems","test_applet_activity_items","",""
"","1","test_history_mixin_split_version_id__wrong_id_version[not_uuid-ValueError]","src.apps.applets.tests.unit","Mon Jun 09 20:51:02 GMT 2025","passed","Mon Jun 09 20:51:02 GMT 2025","","test_history_mixin","",""
"","17","test_check_existence_answer_does_not_exist[created_at-1749502171558.769]","src.apps.answers.tests","Mon Jun 09 20:50:05 GMT 2025","passed","Mon Jun 09 20:50:05 GMT 2025","TestAnswerActivityItems","test_answers","",""
"","37","test_schedule_import","src.apps.schedule.tests","Mon Jun 09 20:51:38 GMT 2025","passed","Mon Jun 09 20:51:38 GMT 2025","TestSchedule","test_schedule","",""
"","1","test_event_request_with_random_notification__to_time_not_in_between_start_time_and_end_time[event_once_data-not_valid_to3]","src.apps.schedule.tests.unit.domain","Mon Jun 09 20:51:46 GMT 2025","passed","Mon Jun 09 20:51:46 GMT 2025","","test_schedule_request_data","",""
"","17","test_upsert_for_soft_deleted","src.apps.subjects.tests","Mon Jun 09 20:51:47 GMT 2025","passed","Mon Jun 09 20:51:47 GMT 2025","TestSubjects","tests","",""
"","58","test_invite_existing_user[manager-reviewer-200-fr]","src.apps.invitations","Mon Jun 09 20:51:21 GMT 2025","passed","Mon Jun 09 20:51:21 GMT 2025","TestInvite","test_invite","",""
"","16","test_assigned_activities_incorrect_reviewer[respondent]","src.apps.activities.tests","Mon Jun 09 20:49:42 GMT 2025","passed","Mon Jun 09 20:49:42 GMT 2025","TestActivities","test_activities","",""
"","13","test_user_get_events__user_does_not_have_access_to_the_applet","src.apps.schedule.tests","Mon Jun 09 20:51:44 GMT 2025","passed","Mon Jun 09 20:51:45 GMT 2025","TestSchedule","test_schedule","",""
"","2","test_create","src.apps.integrations.tests","Mon Jun 09 20:51:18 GMT 2025","passed","Mon Jun 09 20:51:18 GMT 2025","","test_integrations_crud","",""
"","0","test_get_changes_applet_updated[report_include_user_id-True-Include respondent in the Subject and Attachment was enabled]","src.apps.applets.tests.unit","Mon Jun 09 20:51:00 GMT 2025","passed","Mon Jun 09 20:51:00 GMT 2025","","test_applet_changes","",""
"","3","test_change_status_with_details[pending]","src.apps.job.tests","Mon Jun 09 20:51:29 GMT 2025","passed","Mon Jun 09 20:51:29 GMT 2025","","test_jobs_services","",""
"","123","test_unpin_subjects","src.apps.workspaces.tests","Mon Jun 09 20:52:12 GMT 2025","passed","Mon Jun 09 20:52:12 GMT 2025","TestWorkspaces","test_workspaces","",""
"","37","test_service_unavailable_error","src.apps.integrations.oneup_health.tests","Mon Jun 09 20:51:15 GMT 2025","passed","Mon Jun 09 20:51:15 GMT 2025","TestOneupHealth","test_oneup_health","",""
"","0","test_filter_events__cross_day[date3-1]","src.apps.applets.tests.unit","Mon Jun 09 20:51:02 GMT 2025","passed","Mon Jun 09 20:51:02 GMT 2025","TestEventsPeriodicityMontly","test_filter_schedule_events","",""
"","13","test_update_applet_duplicated_activity_item_name_is_not_allowed","src.apps.applets.tests","Mon Jun 09 20:50:51 GMT 2025","passed","Mon Jun 09 20:50:51 GMT 2025","TestActivityItems","test_applet_activity_items","",""
"","2","test_exists_by_id__applet_is_deleted","src.apps.applets.tests.unit","Mon Jun 09 20:51:00 GMT 2025","passed","Mon Jun 09 20:51:00 GMT 2025","","test_applet_crud","",""
"","25","test_applet_list_with_limit","src.apps.applets.tests","Mon Jun 09 20:50:38 GMT 2025","passed","Mon Jun 09 20:50:38 GMT 2025","TestApplet","test_applet","",""
"","27","test_create_log_allow_empty_array_if_prev_is_none[scheduledNotifications-payloads2]","src.apps.logs","Mon Jun 09 20:51:33 GMT 2025","passed","Mon Jun 09 20:51:33 GMT 2025","TestNotificationLogs","tests","",""
"","71","test_create_activity_answer__with_device_id_and_event_history_id","src.apps.answers.tests","Mon Jun 09 20:49:52 GMT 2025","passed","Mon Jun 09 20:49:52 GMT 2025","TestAnswerActivityItems","test_answers","",""
"","2","test_start_transmit_process","src.apps.integrations.loris.tests","Mon Jun 09 20:51:14 GMT 2025","passed","Mon Jun 09 20:51:14 GMT 2025","","test_api_applet","",""
"","1","test_filter_events__cross_day[date2-1]","src.apps.applets.tests.unit","Mon Jun 09 20:51:02 GMT 2025","passed","Mon Jun 09 20:51:02 GMT 2025","TestEventsPeriodicityMontly","test_filter_schedule_events","",""
"","93","test_create_duplicate_name_applet[DUPLICATE NAME]","src.apps.applets.tests","Mon Jun 09 20:50:36 GMT 2025","passed","Mon Jun 09 20:50:36 GMT 2025","TestApplet","test_applet","",""
"","39","test_unassign_fail_missing_respondent","src.apps.activity_assignments.tests","Mon Jun 09 20:49:50 GMT 2025","passed","Mon Jun 09 20:49:50 GMT 2025","TestActivityAssignments","test_assignments","",""
"","0","test_get_changes_is_initial_version[report_include_user_id-True-Include respondent in the Subject and Attachment was enabled]","src.apps.applets.tests.unit","Mon Jun 09 20:51:00 GMT 2025","passed","Mon Jun 09 20:51:00 GMT 2025","","test_applet_changes","",""
"","33","test_create_relation","src.apps.subjects.tests","Mon Jun 09 20:51:46 GMT 2025","passed","Mon Jun 09 20:51:46 GMT 2025","TestSubjects","tests","",""
"","56","test_invite_existing_user[manager-respondent-200-el]","src.apps.invitations","Mon Jun 09 20:51:21 GMT 2025","passed","Mon Jun 09 20:51:21 GMT 2025","TestInvite","test_invite","",""
"","40","test_invite_new_user[respondent-fr]","src.apps.invitations","Mon Jun 09 20:51:24 GMT 2025","passed","Mon Jun 09 20:51:24 GMT 2025","TestInvite","test_invite","",""
"","1","test_activity_item_create_response_values_not_none_for_non_response_response_type","src.apps.activities.tests.unit.domain","Mon Jun 09 20:49:46 GMT 2025","passed","Mon Jun 09 20:49:46 GMT 2025","","test_activity_item_create","",""
"","121","test_create_applet_with_each_activity_item[request_health_record_data_create]","src.apps.applets.tests","Mon Jun 09 20:50:47 GMT 2025","passed","Mon Jun 09 20:50:48 GMT 2025","TestActivityItems","test_applet_activity_items","",""
"","32","test_decline_transfer__applet_not_in_transfer","src.apps.transfer_ownership","Mon Jun 09 20:51:53 GMT 2025","passed","Mon Jun 09 20:51:53 GMT 2025","TestTransfer","tests","",""
"","11","test_password_recovery_admin","src.apps.users.tests","Mon Jun 09 20:51:54 GMT 2025","passed","Mon Jun 09 20:51:54 GMT 2025","TestPassword","test_password","",""
"","41","test_update_applet_delete_flow_with_assignments","src.apps.applets.tests","Mon Jun 09 20:50:43 GMT 2025","passed","Mon Jun 09 20:50:43 GMT 2025","TestApplet","test_applet","",""
"","4","test_set_report_configuration","src.apps.applets.tests.unit","Mon Jun 09 20:51:02 GMT 2025","passed","Mon Jun 09 20:51:02 GMT 2025","","test_applet_history_crud","",""
"","13","test_applet_delete_by_coordinator","src.apps.applets.tests","Mon Jun 09 20:50:38 GMT 2025","passed","Mon Jun 09 20:50:38 GMT 2025","TestApplet","test_applet","",""
"","68","test_create_flow_answer__submit_duplicate","src.apps.answers.tests","Mon Jun 09 20:49:53 GMT 2025","passed","Mon Jun 09 20:49:53 GMT 2025","TestAnswerActivityItems","test_answers","",""
"","1","test_items_score_conditional_logic_print_item_type","src.apps.activities.tests.unit.domain","Mon Jun 09 20:49:46 GMT 2025","passed","Mon Jun 09 20:49:46 GMT 2025","TestValidateScoreAndSections","test_custom_validation","",""
"","1","test_event_request_with_reminder_notification__at_time_not_in_between_start_time_and_end_time[event_weekdays_data-out_of_range_time7]","src.apps.schedule.tests.unit.domain","Mon Jun 09 20:51:46 GMT 2025","passed","Mon Jun 09 20:51:46 GMT 2025","","test_schedule_request_data","",""
"","16","test_get_target_subjects_by_respondent_invalid_respondent","src.apps.subjects.tests","Mon Jun 09 20:51:49 GMT 2025","passed","Mon Jun 09 20:51:49 GMT 2025","TestSubjects","tests","",""
"","2","test_get_by_id","src.apps.applets.tests.unit","Mon Jun 09 20:51:00 GMT 2025","passed","Mon Jun 09 20:51:00 GMT 2025","","test_applet_crud","",""
"","1","test_create_activity_item_slider_alerts_not_valid_alert_min_max_values[1-None]","src.apps.activities.tests.unit.domain","Mon Jun 09 20:49:46 GMT 2025","passed","Mon Jun 09 20:49:46 GMT 2025","","test_activity_item_create","",""
"","35","test_create_event_with_notifications","src.apps.schedule.tests","Mon Jun 09 20:51:43 GMT 2025","passed","Mon Jun 09 20:51:43 GMT 2025","TestSchedule","test_schedule","",""
"","116","test_create_applet_with_performance_task[actvitiy_cst_gyroscope_create-gyroscope]","src.apps.applets.tests","Mon Jun 09 20:50:49 GMT 2025","passed","Mon Jun 09 20:50:49 GMT 2025","TestActivityItems","test_applet_activity_items","",""
"","37","test_get_applet_latest_submissions_with_flow","src.apps.answers.tests","Mon Jun 09 20:50:24 GMT 2025","passed","Mon Jun 09 20:50:24 GMT 2025","TestAnswerActivityItems","test_answers","",""
"","1","test_single_select_rows_new_response_value_was_added[rows-exp_changes0]","src.apps.activities.tests.unit","Mon Jun 09 20:49:46 GMT 2025","passed","Mon Jun 09 20:49:46 GMT 2025","","test_activity_item_change","",""
"","1","test_event_cross_day_with_random_notification__to_time_not_in_between_start_time_and_end_time[event_monthly_data-not_valid_to4]","src.apps.schedule.tests.unit.domain","Mon Jun 09 20:51:46 GMT 2025","passed","Mon Jun 09 20:51:46 GMT 2025","","test_schedule_request_data","",""
"","80","test_get_local_tz__exception[headers2-False-Wrong X-Timezone header value]","src.infrastructure.tests.unit.http","Mon Jun 09 20:52:13 GMT 2025","passed","Mon Jun 09 20:52:13 GMT 2025","","test_deps","",""
"","3","test_emergency_message__unauthorized","src.apps.healthcheck","Mon Jun 09 20:51:14 GMT 2025","passed","Mon Jun 09 20:51:14 GMT 2025","TestHealthcheck","tests","",""
"","2","test_create_access_link__applet_does_not_exist","src.apps.applets.tests.unit","Mon Jun 09 20:51:01 GMT 2025","passed","Mon Jun 09 20:51:01 GMT 2025","","test_applet_crud","",""
"","1","test_validate_not_valid_hour_minute[<p data-line=""4""><ins>test</ins><br> <s>test</s><br> <mark>test</mark><br> <sub>test</sub><br></p>-<p data-line=""4""><ins>test</ins><br> <s>test</s><br> <mark>test</mark><br> <sub>test</sub><br></p>]","src.apps.shared.test.unit","Mon Jun 09 20:51:46 GMT 2025","passed","Mon Jun 09 20:51:46 GMT 2025","","test_shared_custom_validation","",""
"","4","test_add_user_device_previous_device_is_removed","src.apps.users.tests.unit","Mon Jun 09 20:52:04 GMT 2025","passed","Mon Jun 09 20:52:04 GMT 2025","","test_user_devices_service","",""
"","0","test_initial_single_selection_values_change","src.apps.activities.tests.unit","Mon Jun 09 20:49:46 GMT 2025","passed","Mon Jun 09 20:49:46 GMT 2025","","test_activity_item_change","",""
"","24","test_error_try_get_subject_by_not_inviter[lucy-200]","src.apps.subjects.tests","Mon Jun 09 20:51:49 GMT 2025","passed","Mon Jun 09 20:51:49 GMT 2025","TestSubjects","tests","",""
